-0.013  
-0.843
-0.059  0.011   0.02    0.028   0.0 -0.023  0.0 0.0 0.0 0.0 -0.034  0.0 0.0 0.0 0.016   -0.016  
-0.148  0.124   0.0 -0.103  
-0.084  
-0.014  
-0.046  0.014   0.034   -0.034  
-0.027  
-0.013  
-0.3    
-0.108  0.073   0.227   -0.227  
-0.029  0.01    0.0 -0.009  
-0.601  0.601   0.111   -0.147  
-0.108  
-1.85   
-0.014  
-0.082  
-0.86   
-0.032  
-0.026  
-1.577  0.391   0.627   0.114   0.253   -0.253  0.0 0.0 0.0 0.332   -0.332  0.0 0.0 0.0 0.006   -0.006  
-0.016  
-0.029  
-0.107  
-0.023  
-0.13  
-0.501
-0.08  
-0.74   0.74    0.495   -1.556  
-0.097  0.041   0.0 -0.046  
-0.079  
-2.14  
-0.05   0.035   0.015   0.0 0.021   -0.057  0.0 0.006   0.0 0.055   -0.055  0.0 0.0 0.0 0.0 -0.056  
-0.013  
-0.111  
-0.056  
-0.24   
-0.073  
-0.114  
-0.016  
-0.034  
-0.168  0.035   0.0 -1.122  
-0.087  
-0.06   0.031   0.0 -0.017  
-0.159  0.085   0.0 -0.034  
-1.399  0.944   0.497   -0.497  
-0.115  
-0.038  
-0.019
-0.086  0.019   0   -0.06                                               
-1.235                                                          
-0.041  0.041   0.004   -0.031                                              
-0.016                                                          
-0.04                                                           
-0.388  0.234   0.055   -0.055                                              
-0.16   0.128   0.2 -0.2                                                
-0.4    0.037   0.147   0.055   0   -0.175  0   0.175   0.172   0   -0.172  0   0.049   0   0   -0.049
-0.021                                                          
-0.21                                                           
-0.108                                                          
