-0.021  
-0.113  
-0.055  
-0.149  
-0.035  
-0.019  
-0.062  
-0.015  
-0.036  
-0.064  
-0.115  
-14.479 14.39   3.749   -3.749  
-0.072  
-0.09   0.029   0.013   -0.013  
-0.051  0.004   0.006   0.03    0.0 -0.031  0.0 0.0 0.0 0.009   -0.009  0.0 0.0 0.0 0.0 -0.025  
-0.052  
-0.19  
-0.023  
-0.024  
-0.229  
-0.016                                                          
-0.04                                                           
-0.388  0.234   0.055   -0.055                                              
-0.16   0.128   0.2 -0.2                                                
-0.4    0.037   0.147   0.055   0   -0.175  0   0.175   0.172   0   -0.172  0   0.049   0   0   -0.049
-0.021                                                          
-0.21                                                           
-0.108                                                          
-0.16   0.055   0.075   -0.075                                              
-0.3                                                            
-0.063  0.037   0   -0.041                                              
-0.015                                                          
-0.37   0.207   0.032   -0.032                                              
-2.15                                                           
-0.063  0.008   0   -0.022                                              
-0.082                                                          
-0.128  0.074   0.064   -0.064                                                
-0.016  
-0.025  
-0.022  
-0.084  
-0.279  
-0.13   
-0.016  
-0.03   0.012   0.032   -0.032  
-0.053  0.044   0.0 -0.039  
-0.021  
-0.24   
-0.014  
-0.166  
-0.027
-0.029  
-0.28   
-1.967  
-0.021  
-0.098  
-0.061  0.033   0.0 -0.01   
-0.014  
-0.521  0.154   0.181   0.144   0.0 -0.214  0.0 0.0 0.027   0.0 -0.027  0.0 0.0 0.0 0.109   -0.109  
-0.333  0.173   0.0 -0.047  
-0.013  
-0.22   
-0.334  
-1.348  0.317   0.037   -0.037  
-0.023  
-0.93  
-0.037  
-0.02   0.015   0.0 -0.049  
-0.35  
-0.016  
-0.017  
-0.15  
-0.035  0.035   0.017   -0.054  
-0.055  
-0.383  0.233   0.276   -0.276  
-0.02   
-0.5   
-0.016  
-0.19  
-0.15  



[1, 2, 3, 5, 4, 6, 8, 11, 12, 13, 14, 15, 16, 17, 9, 18, 7, 19, 10, 0, 21, 22, 23, 25, 24, 26, 28, 31, 32, 33, 34, 35, 36, 37, 29, 38, 27, 39, 30, 20]
{{18, 19}, {}, {}, {}, {5}, {}, {}, {5, 18}, {}, {1, 17}, {5, 15, 18, 19}, {}, {}, {}, {}, {}, {13}, {}, {}, {}, {}, {}, {}, {}, {}, {}, {}, {}, {}, {}, {}, {}, {}, {}, {}, {}, {}, {}, {}, {}}


{{24, 30, 35}, {23, 24, 30, 32}, {22, 23, 24, 25, 27, 29, 30, 32, 35, 36}, {22, 23, 24, 25, 27, 29, 30, 32, 33, 35, 36}, {23, 24, 27, 30, 32, 35}, {20, 22, 23, 24, 25, 27, 29, 30, 32, 35, 36, 37}, {22, 23, 24, 25, 27, 29, 30, 32, 35, 36}, {24, 29, 30, 35, 36}, {20, 22, 23, 24, 25, 27, 29, 30, 32, 35, 36}, {23, 32}, {24, 29, 30}, {22, 23, 24, 27, 29, 30, 32, 35, 36}, {22, 23, 24, 25, 27, 29, 30, 32, 35, 36}, {20, 23, 24, 30, 32, 35, 39}, {32}, {22, 23, 24, 25, 27, 29, 30, 32, 35, 36}, {}, {23, 24, 27, 30, 32, 35}, {22, 23, 24, 27, 29, 30, 35, 36}, {22, 23, 24, 27, 29, 30, 32, 35, 36}}
