-0.027  
-0.72   
-0.057  
-0.08   
-0.453  
-0.506  0.124   0.149   0.031   0.0 -0.223  0.223   0.0 0.203   0.0 -0.203  0.0 0.0 0.067   0.0 -0.067  
-0.016  
-0.15
-0.02   
-0.521  0.154   0.181   0.144   0.0 -0.214  0.0 0.0 0.027   0.0 -0.027  0.0 0.0 0.0 0.109   -0.109  
-0.472  0.205   0.0 -0.057  
-0.524  
-0.034  0.034   0.018   -0.05   
-4.394  
-0.013  
-0.283  
-0.032  
-0.018  0.002   0.014   -0.014  
-0.024  
-0.093  
-0.232  0.232   0.522   -1.028  
-0.282  0.142   0.042   -0.042  
-0.088  
-0.03   0.016   0.0 -0.02   
-0.014  
-0.179  
-0.033  
-0.14      
-0.5    
-0.021  
-0.107  
-0.013  
-0.503  0.171   0.149   0.048   0.214   -0.214  0.0 0.0 0.0 0.129   -0.129  0.0 0.0 0.0 0.028   -0.028  
-0.059  
-0.196  0.145   0.101   -0.101  
-0.052  
-0.016  0.002   0.0 -0.009  
-0.041  0.036   0.0 -0.021  
-0.061  0.005   0.0 -0.06   
-0.4
-0.061  
-0.459  
-0.044  0.023   0.0 -0.061  
-0.01   
-0.175  0.081   0.0 -0.013  
-0.051
-0.174  
-0.259  0.166   0.084   -0.084  
-0.051  
-0.043  0.013   0.05    -0.05   
-0.66   
-0.128  0.044   0.012   0.03    0.061   -0.061  0.0 0.0 0.051   0.0 -0.051  0.0 0.0 0.0 0.088   -0.088  
-0.016  
-0.28   
-0.447  
-0.016  
-0.16   
-0.028  
-0.017  
-0.554  0.414   0.489   -0.489  
-0.015  
-0.14   
-0.054  0.028   0.0 -0.021  
-0.029  
-0.63   
-2.849  1.254   0.0 -1.447    
-5.113  
-2.132  1.133   0.0 -0.751  
-0.4    
-0.065  
-0.53   
-0.013  
-0.556  0.556   0.078   -0.605  
-0.016  0.001   0.008   -0.008  
-0.013  
-0.2      
-0.017  0.007   0.0 -0.039  
-0.083  
-0.014  
-0.031  0.031   0.0 0.0 0.0 -0.091  0.058   0.0 0.0 0.011   -0.069  0.058   0.0 0.0 0.01    -0.042  



[1, 2, 4, 5, 13, 12, 14, 15, 11, 10, 8, 9, 7, 3, 0, 16, 6, 17, 18, 19, 21, 22, 24, 25, 33, 32, 34, 35, 31, 30, 28, 29, 27, 23, 20, 36, 26, 37, 38, 39]
{{5, 8, 14, 15}, {}, {}, {15}, {}, {}, {1, 2, 3, 4, 5, 8, 9, 11, 14, 15, 16}, {15}, {15}, {1, 8, 11, 14, 15}, {14, 15}, {15}, {13}, {}, {}, {}, {15}, {11, 14, 15}, {}, {}, {}, {}, {}, {}, {}, {}, {}, {}, {}, {}, {}, {}, {}, {}, {}, {}, {}, {}, {}, {}}


{{}, {26, 30, 37, 38}, {20, 26, 29, 30, 34, 37, 38}, {37}, {26, 29, 30, 37, 38, 39}, {}, {}, {}, {22, 26, 29, 30, 31, 37, 38}, {26, 30, 37}, {20, 22, 26, 29, 30, 37, 38}, {20, 22, 24, 26, 29, 30, 31, 37, 38}, {37}, {26, 37}, {20, 22, 23, 24, 26, 28, 29, 30, 31, 34, 37, 38}, {20, 22, 24, 26, 29, 30, 31, 37, 38, 39}, {26, 29, 30, 37, 38}, {26, 29, 30, 37, 38}, {37}, {}}
