-0.126  0.015   0.111   0.0 0.0 -0.039  0.011   0.028   0.091   0.0 -0.158  0.0 0.049   0.0 0.0 -0.049  
-0.8    
-0.048  0.016   0.0 0.032   0.0 -0.24   0.129   0.111   0.0 0.024   -0.125  0.0 0.0 0.0 0.027   -0.027  
-0.035  0.022   0.0 -0.082  
-0.283  0.024   0.0 -0.424  
-0.09   
-2.03   
-1.13   0.837   0.0 -0.334  
-0.13   0.068   0.066   -0.066  
-0.032  
-0.013  0.0 0.09    -0.09   
-0.36   
-0.031  
-6.016  
-0.02   
-0.501  
-0.014  
-0.6    
-0.02   
-0.027  0.013   0.0 -0.014  
-0.016                                                          
-0.967
-0.028                                                          
-0.017                                                          
-0.554  0.414   0.489   -0.489                                              
-0.015                                                          
-0.14                                                           
-0.054  0.028   0   -0.021                                              
-0.029                                                          
-0.292  0.128   0.133   -0.133                                              
-2.849  1.254   0   -1.447                                              
-0.03   0.012   0.032   -0.032                                              
-0.053  0.044   0   -0.039                                              
-0.014  
-0.041  0.011   0.017   -0.017  
-0.02   
-0.018  
-0.265  0.214   0.0 -0.048  
-0.019  
-0.039  
-0.073  0.034   0.024   -0.024  
-0.016  
-0.132  
-0.026  
-0.28   
-0.053  
-0.017  
-1.14   
-0.3    
-0.137  
-0.032  0.002   0.006   -0.006  
-2.031  
-0.07   0.07    0.028   -0.07   
-0.227  0.041   0.114   0.004   0.0 -0.004  0.0 0.0 0.0 0.0 -0.122  0.0 0.0 0.108   0.0 -0.108  
-0.025  
-0.4    
-0.03  
-0.28   
-0.247  0.194   0.119   -0.119  
-0.016  
-0.034  0.025   0.0 -0.021  
-0.015  
-0.06   
-0.04 0.001 0.0 -0.008
-0.022  
-0.24   
-0.086  
-0.31   0.15    0.077   -0.077  
-0.013  
-0.061  0.031   0.0 -0.008  
-0.009  
-0.051  
-0.556  0.458   0.145   -0.145  
-1.03   
-0.118  0.094   0.0 -0.012                                         
-0.022                                                          
-0.9                                                            
-0.2                                                            
-0.472  0.205   0   -0.057                                              
-0.524                                                          



[0, 1, 2, 3, 4, 6, 9, 10, 11, 12, 13, 7, 14, 15, 16, 17, 18, 8, 19, 5, 20, 21, 22, 23, 24, 26, 29, 30, 31, 32, 33, 27, 34, 35, 36, 37, 38, 28, 39, 25]
{{}, {}, {}, {}, {}, {2, 4, 11, 13, 18, 19}, {}, {2, 4, 11, 13}, {2, 4, 11, 13, 18}, {}, {}, {}, {}, {}, {}, {}, {}, {}, {}, {4}, {}, {}, {}, {}, {}, {}, {}, {}, {}, {}, {}, {}, {}, {}, {}, {}, {}, {}, {}, {}}

{{23}, {35}, {23, 25, 27, 28, 32, 36, 39}, {23, 25, 27, 36, 39}, {23, 25, 27, 32, 35, 36}, {}, {}, {23}, {}, {20, 23, 29, 30, 35, 37}, {}, {23, 25, 27, 32, 35, 36, 37}, {20, 23, 25, 27, 28, 29, 31, 32, 35, 36, 37}, {21, 23, 25, 27, 28, 31, 32, 33, 35, 36, 39}, {23, 25, 27, 32, 36}, {20, 21, 22, 23, 24, 25, 26, 27, 28, 29, 30, 31, 32, 33, 35, 36, 37, 38, 39}, {20, 23, 27, 29, 30, 32, 35, 36, 37}, {35, 37}, {23, 35}, {23, 35}}
