-0.027  
-0.72   
-0.057  
-0.08   
-0.453  
-0.506  0.124   0.149   0.031   0.0 -0.223  0.223   0.0 0.203   0.0 -0.203  0.0 0.0 0.067   0.0 -0.067  
-0.016  
-0.15
-0.02   
-0.521  0.154   0.181   0.144   0.0 -0.214  0.0 0.0 0.027   0.0 -0.027  0.0 0.0 0.0 0.109   -0.109  
-0.472  0.205   0.0 -0.057  
-0.524  
-0.034  0.034   0.018   -0.05   
-4.394  
-0.013  
-0.283  
-0.032  
-0.018  0.002   0.014   -0.014  
-0.024  
-0.093  
-0.232  0.232   0.522   -1.028  
-0.282  0.142   0.042   -0.042  
-0.088  
-0.03   0.016   0.0 -0.02   
-0.014  
-0.179  
-0.033  
-0.14      
-0.5    
-0.021  
-0.107  
-0.013  
-0.503  0.171   0.149   0.048   0.214   -0.214  0.0 0.0 0.0 0.129   -0.129  0.0 0.0 0.0 0.028   -0.028  
-0.059  
-0.196  0.145   0.101   -0.101  
-0.052  
-0.016  0.002   0.0 -0.009  
-0.041  0.036   0.0 -0.021  
-0.061  0.005   0.0 -0.06   
-0.4
-0.014  
-0.4    
-0.077  
-0.026  
-0.32   
-0.013  
-0.57   0.144   0.299   0.015   0.0 -0.061  0.061   0.0 0.0 0.0 -0.287  0.287   0.2 0.0 0.0 -0.2    
-0.059  
-0.2    
-0.018  0.006   0.0 -0.072  
-0.125  0.07    0.026   -0.026  
-0.243  0.187   0.075   -0.075  
-0.138  0.114   0.0 -0.075  
-0.214  
-0.034  0.004   0.0 -0.096  
-0.1    
-0.014  
-0.045  0.009   0.021   -0.021  
-0.6    
-0.016
-0.161  0.064   0.046   -0.046                                              
-0.073                                                          
-0.987  0.806   0.181   0   0   -1.785  0.649   0.407   0.609   0   -0.609  0   0   0   0.427   -0.427
-0.039                                                          
-0.03   0.014   0   -0.011                                              
-0.126  0.07    0.056   -0.056                                              
-0.031                                                          
-0.134  0.019   0   -0.031                                              
-0.07   0.046   0   -0.031                                              
-0.03   0.014   0   -0.011                                              
-0.184                                                          
-0.031                                                          
-0.153  0.106   0   -0.051                                              
-0.07   0.046   0   -0.031                                              
-0.705  0.679   1.421   -1.421                                              
-0.016                                                          
-0.16                                                           
-0.017                                                          
-0.086  0.069   0   -0.015                                              
-0.023                                                          




[1, 2, 4, 5, 8, 9, 14, 15, 11, 13, 10, 6, 3, 16, 7, 17, 12, 18, 19, 0, 21, 22, 24, 25, 28, 29, 34, 35, 31, 33, 30, 26, 23, 36, 27, 37, 32, 38, 39, 20]
{{1, 2, 8, 10, 11, 13, 14, 15, 19}, {}, {}, {1, 2, 4, 9, 11, 15}, {}, {2}, {1, 2, 4, 9, 11, 15}, {1, 2, 4, 9, 11, 15, 16}, {}, {}, {15}, {15}, {2, 4, 9, 14, 17}, {1, 11, 15}, {}, {}, {}, {14}, {}, {2, 14}, {}, {}, {}, {}, {}, {}, {}, {}, {}, {}, {}, {}, {}, {}, {}, {}, {}, {}, {}, {}}


{{}, {20, 27, 33}, {20, 23, 26, 27, 30, 33}, {20}, {20, 23, 25, 28, 32, 37, 39}, {}, {}, {}, {20, 23, 25, 28, 32, 33, 37, 39}, {20}, {20, 23, 26, 27, 30, 33}, {20, 21, 23, 26, 27, 28, 30, 32, 33, 36, 39}, {}, {20}, {20, 21, 23, 26, 27, 28, 30, 31, 32, 33, 35, 36, 39}, {20, 21, 23, 25, 26, 27, 28, 30, 32, 33, 36, 37, 39}, {20}, {20, 23}, {32}, {}}
