-0.084  
-0.279  
-0.13   
-0.016  
-0.03   0.012   0.032   -0.032  
-0.053  0.044   0.0 -0.039  
-0.021  
-0.24   
-0.014  
-0.166  
-0.027
-0.029  
-0.28   
-1.967  
-0.021  
-0.098  
-0.061  0.033   0.0 -0.01   
-0.014  
-0.521  0.154   0.181   0.144   0.0 -0.214  0.0 0.0 0.027   0.0 -0.027  0.0 0.0 0.0 0.109   -0.109  
-0.333  0.173   0.0 -0.047  
-0.013  
-0.22   
-0.354  0.125   0.151   -0.151  
-0.028  
-0.036  0.033   0.0 -0.048  
-0.24   0.044   0.175   -0.175  
-0.022  
-0.9    
-0.2    
-0.472  0.205   0.0 -0.057  
-0.524    
-0.185  0.185   0.485   -0.572  
-0.025  
-0.14   
-0.025  
-0.081  
-0.022  
-0.21   
-0.013  
-0.128  0.044   0.012   0.03    0.061   -0.061  0.0 0.0 0.051   0.0 -0.051  0.0 0.0 0.0 0.088   -0.088  
-0.161  0.064   0.046   -0.046  
-0.073  
-0.144
-0.039  
-0.122  
-0.024  
-0.18  
-0.766  
-0.556  0.556   0.078   -0.605  
-0.1 
-0.027  
-0.4    
-0.02   
-0.13   
-0.01  
-0.2
-0.171  
-0.023  
-0.015  
-0.52   
-0.131  
-0.503  0.171   0.149   0.048   0.214   -0.214  0.0 0.0 0.0 0.129   -0.129  0.0 0.0 0.0 0.028   -0.028  
-0.05   
-0.252  0.134   0.0 -0.015  
-0.091  
-0.14   
-0.22   
-0.1    
-0.712  
-1.025   
-0.056  
-0.034  
-0.363  
-0.086  0.069   0.0 -0.015  
-0.705  0.679   1.421   -1.421  
-0.016  
-0.16  
-0.282  0.142   0.042   -0.042  
-0.088  
-0.03   0.016   0.0 -0.02   



[1, 0, 2, 4, 8, 11, 12, 14, 15, 9, 6, 5, 16, 13, 10, 3, 17, 7, 18, 19, 21, 20, 22, 24, 28, 31, 32, 34, 35, 29, 26, 25, 36, 33, 30, 23, 37, 27, 38, 39]
{{1}, {}, {}, {16}, {}, {1, 11, 15}, {15}, {1, 11, 15, 17}, {}, {1, 11, 15}, {16}, {}, {1}, {16}, {}, {}, {}, {}, {16}, {}, {}, {}, {}, {}, {}, {}, {}, {}, {}, {}, {}, {}, {}, {}, {}, {}, {}, {}, {}, {}}


{{25, 29}, {20, 22, 25, 26, 27, 29, 31, 32, 35, 39}, {27}, {29}, {27}, {26, 27, 29}, {}, {26, 27, 29}, {27}, {27}, {}, {20, 25, 26, 27, 29, 32, 35}, {27, 29}, {}, {23, 25, 26, 27, 29, 32}, {20, 21, 22, 23, 24, 25, 26, 27, 28, 29, 32, 33, 35, 38}, {27, 29}, {26, 27, 29}, {29}, {27}}
