-0.067  0.026   0.034   -0.034  
-0.05   
-0.4    
-0.015  
-0.017  
-1.193  0.848   0.0 -0.284  
-0.018  
-0.149  
-0.023  
-0.022  
-0.178  
-0.024  
-0.017  
-0.195  0.093   0.108   -0.108  
-0.214  
-0.023  
-0.045  0.045   3.974   -6.235  
-0.035  
-0.059  0.021   0.0 -0.007  
-0.015  
-0.059  
-0.09   
-0.193  0.108   0.0 -0.015  
-0.036  
-10.456 6.758   6.43    -6.43   
-0.022  
-0.02   
-0.039  
-0.016  
-0.015  
-0.015  
-0.174  0.092   0.0 -0.051  
-0.021  0.002   0.016   -0.016  
-0.334  
-0.014  
-0.878  0.571   0.0 -0.283  
-0.084  
-0.272  0.176   0.113   -0.113  
-0.223  0.15    0.0 -0.164  
-0.132  0.026   0.0 -0.004  
-0.161  0.064   0.046   -0.046  
-0.073  
-156.277    0.0 144.514 11.763  115.056 -211.52 83.208  0.0 0.0 0.0 -27.328 27.328  0.0 150.815 0.0 -150.815    
-0.039  
-0.122  
-0.024  
-0.018  
-0.766  
-0.16   
-0.056  
-0.034  
-0.363  
-0.086  0.069   0.0 -0.015  
-0.705  0.679   1.421   -1.421  
-0.016  
-0.016  
-0.017  
-0.023  
-0.043  
-0.015  
-0.021  
-0.113  
-0.055  
-0.149  
-0.035  
-0.019  
-0.062  
-0.015  
-0.036  
-0.064  
-0.115  
-14.479 14.39   3.749   -3.749  
-0.072  
-0.09   0.029   0.013   -0.013  
-0.051  0.004   0.006   0.03    0.0 -0.031  0.0 0.0 0.0 0.009   -0.009  0.0 0.0 0.0 0.0 -0.025  
-0.052  
-0.19  
-0.023  
-0.024  
-0.229  



[1, 0, 4, 7, 9, 11, 12, 8, 5, 13, 6, 14, 15, 16, 18, 17, 10, 2, 19, 3, 21, 20, 24, 27, 29, 31, 32, 28, 25, 33, 26, 34, 35, 36, 38, 37, 30, 22, 39, 23]
{{1}, {}, {18}, {0, 1, 4, 5, 10, 12, 13, 18, 19}, {1}, {1, 12}, {13}, {}, {12}, {}, {1, 12, 18}, {1}, {}, {}, {1}, {}, {}, {1, 12, 13, 15, 18}, {}, {}, {}, {}, {}, {}, {}, {}, {}, {}, {}, {}, {}, {}, {}, {}, {}, {}, {}, {}, {}, {}}



{{23, 37}, {20, 22, 23, 24, 25, 26, 27, 28, 30, 31, 32, 34, 35, 37, 38, 39}, {}, {}, {23, 28, 30, 37}, {20, 23, 24, 25, 30, 31, 34, 37, 39}, {}, {20, 22, 23, 24, 25, 30, 31, 34, 37, 39}, {}, {}, {23, 25, 30, 31, 39}, {23, 37}, {20, 21, 22, 23, 24, 25, 28, 30, 31, 34, 37, 38, 39}, {23, 37}, {26}, {}, {}, {}, {20, 23, 25, 30, 31, 34, 37, 39}, {20, 23, 25, 30, 31, 34, 39}}
