-0.174  
-0.259  0.166   0.084   -0.084  
-0.051  
-0.043  0.013   0.05    -0.05   
-0.66   
-0.128  0.044   0.012   0.03    0.061   -0.061  0.0 0.0 0.051   0.0 -0.051  0.0 0.0 0.0 0.088   -0.088  
-0.016  
-0.28   
-0.017  
-0.554  0.414   0.489   -0.489  
-0.015  
-0.14   
-0.054  0.028   0.0 -0.021  
-0.029  
-0.63   
-2.849  1.254   0.0 -1.447  
-0.015  
-0.447  
-0.016  
-0.16   
-0.028  
-0.065  0.04    0.0 -0.063  
-0.019  
-0.042  
-0.022  
-0.214  
-0.025  
-0.42   0.241   0.0 0.178   0.0 -0.896  0.294   0.204   0.0 0.0 -0.097  0.0 0.0 0.055   0.0 -0.055  
-0.024  
-0.43  
-0.015  
-0.063  
-0.035  
-0.528  0.477   0.377   -0.377  
-0.022  
-0.056  0.044   0.0 -0.106  
-0.038  
-0.038  
-0.034  
-0.047  
-0.203  
-0.02   
-0.158  
-0.049  
-0.126  0.102   0.0 -0.019  
-0.115  0.056   0.0 -0.012  
-0.019  
-0.019  
-6.797  1.373   0.676   2.743   1.393   -1.393  0.0 0.0 0.0 1.04    -1.04   0.0 2.8 0.0 0.0 -2.8    
-0.047  
-0.029  0.009   0.0 -0.015  
-0.078  
-0.049  0.037   0.0 -0.03   
-0.15  
-0.23  
-0.13   
-0.024  
-0.014  
-0.026  0.026   0.017   -0.075  
-0.017  
-0.325  0.325   0.85    -1.243  
-0.15   
-0.042  0.01    0.0 -0.006  
-0.021  
-0.123  
-0.976  0.751   0.0 -0.508  
-0.125  
-0.023  
-1.861  1.04    0.0 -0.203  
-0.178  
-1.088  0.499   0.0 0.589   0.476   -1.541  1.065   0.0 0.0 0.0 -1.562  1.086   0.0 1.118   0.0 -1.118  
-0.023  
-0.17  
-0.017  
-0.024  
-0.019  0.001   0.014   -0.014  
-0.071  
-0.035  
-0.133  0.133   0.111   -0.265  
-0.012



[0, 1, 2, 4, 6, 7, 8, 10, 14, 16, 13, 15, 12, 11, 17, 3, 18, 5, 19, 9, 20, 21, 22, 24, 26, 27, 28, 30, 34, 36, 33, 35, 32, 31, 37, 23, 38, 25, 39, 29]
{{}, {}, {}, {16, 17}, {}, {0, 1, 2, 4, 13, 15, 16, 17, 18}, {}, {}, {}, {19}, {}, {16}, {0, 1, 13, 16}, {16}, {}, {13, 16}, {}, {}, {}, {}, {}, {}, {}, {}, {}, {}, {}, {}, {}, {}, {}, {}, {}, {}, {}, {}, {}, {}, {}, {}}


{{21, 25, 26, 30, 32, 38}, {25, 26}, {20, 21, 22, 23, 24, 25, 26, 27, 28, 29, 30, 31, 32, 33, 34, 35, 36, 37, 38}, {}, {}, {}, {25}, {}, {}, {}, {25, 26}, {25}, {}, {25, 26}, {}, {}, {25, 26}, {25}, {25, 26}, {25, 26}}
