-0.205  
-0.57   0.144   0.299   0.015   0.0 -0.061  0.061   0.0 0.0 0.0 -0.287  0.287   0.2 0.0 0.0 -0.2    
-0.016  
-0.114  
-1.014  
-0.092  0.012   0.041   0.0 0.0 -0.073  0.0 0.041   0.0 0.0 -0.036  0.0 0.0 0.022   0.0 -0.022  
-0.18   
-0.148  0.017   0.0 -0.077  
-0.544  
-0.027  
-0.035  0.005   0.006   -0.006  
-1.014  
-0.3    
-0.034  0.016   0.0 -0.014  
-0.5    
-0.03   
-0.055  0.022   0.0 -0.014  
-0.014  
-0.768  
-1.596  
-0.02                                                           
-0.521  0.154   0.181   0.144   0   -0.214  0   0   0.027   0   -0.027  0   0   0   0.109   -0.109
-0.472  0.205   0   -0.057                                              
-0.524                                                          
-0.035  0.005   0   -0.005                                              
-4.394                                                          
-2.85   1.319   0   -0.037                                              
-0.014                                                          
-0.034  0.034   0.02    -0.064                                              
-0.018  0.002   0.014   -0.014                                              
-0.024                                                          
-0.118  0.002   0   -0.033                                              
-0.282  0.142   0.042   -0.042                                              
-0.088                                                          
-0.03   0.016   0   -0.02                                               
-0.057  0.026   0   -0.025                                              
-0.179                                                          
-0.033                                                          
-0.153  0.058   0   -0.065                                              
-0.013                                                          
-0.5  
-14.808 
-0.617  0.11    0.082   0.195   0.233   -0.233  0.0 0.0 0.0 0.0 -0.122  0.122   0.0 0.062   0.0 -0.062  
-1.814  
-3.056  2.528   1.799   -1.799  
-0.022  
-0.6  
-0.017  
-0.16  
-0.028  
-0.018  0.007   0.0 -0.022  
-0.402  0.402   0.277   -0.72   
-0.8  
-0.021  
-0.214  0.01    0.203   -0.203  
-0.136  
-0.014  
-0.078  0.053   0.0 -0.021  
-0.989  0.64    0.0 -0.83   
-0.065  
-0.148  0.118   0.029   0.0 0.225   -0.332  0.029   0.0 0.0 0.0 -0.225  0.225   0.265   0.0 0.0 -0.265  
-0.022  
-0.12   0.063   0.242   -0.242                                              
-0.022                                                          
-0.257  0   0.099   0   0.106   -0.384  0   0.111   0   0.084   -0.084  0   0   0   0.151   -0.151
-0.013                                                          
-0.128  0.044   0.012   0.03    0.061   -0.061  0   0   0.051   0   -0.051  0   0   0   0.088   -0.088
-0.054  0.019   0   -0.032                                              
-0.052                                                          
-0.123  0.067   0   -0.14                                               
-0.014                                                          
-0.13                                                           
-0.392  0.221   0.031   -0.031                                              
-0.187                                                          
-0.029                                                          
-1.022                                                          
-0.047  0.014   0   -0.032                                              
-0.04                                                           
-0.013                                                          
-0.136  0.085   0.05    -0.05                                               



[0, 2, 3, 4, 6, 7, 1, 8, 9, 10, 11, 12, 13, 14, 16, 17, 18, 15, 5, 19, 20, 22, 23, 24, 26, 27, 21, 28, 29, 30, 31, 32, 33, 34, 36, 37, 38, 35, 25, 39]
{{}, {2, 4, 6, 7}, {}, {}, {}, {2, 3, 4, 6, 11, 18}, {}, {}, {}, {}, {}, {2, 6}, {}, {}, {}, {2, 4, 6, 18}, {2, 4, 6, 7}, {6}, {4, 6}, {}, {}, {}, {}, {}, {}, {}, {}, {}, {}, {}, {}, {}, {}, {}, {}, {}, {}, {}, {}, {}}


{{21, 24, 25, 27, 28, 30, 31, 33, 34, 35, 36, 37, 38, 39}, {25, 35}, {20, 21, 25, 27, 29, 33, 34, 35, 36, 37, 38}, {21, 25, 35, 36, 37}, {20, 21, 24, 25, 27, 33, 34, 35, 36, 37, 38}, {}, {21, 22, 24, 25, 27, 28, 30, 31, 33, 34, 35, 36, 37, 38, 39}, {21, 25, 27, 33, 34, 35, 36, 37, 38}, {25, 28, 30, 33, 35, 36, 39}, {20, 21}, {25, 28, 30, 33, 35, 36, 39}, {21, 37}, {}, {21, 25, 28, 30, 31, 33, 34, 35, 36, 37, 38, 39}, {25, 28, 33, 35, 39}, {25, 35, 36}, {21, 25, 35, 36}, {25, 33, 35}, {21, 25, 33, 34, 35, 36, 37, 38}, {21, 25, 28, 30, 31, 33, 34, 35, 36, 37, 38, 39}}
