-0.174  
-0.272  
-7.114  4.432   0.0 2.083   0.0 -10.119 1.874   8.245   0.0 3.987   -3.987  0.0 3.394   0.0 0.0 -3.394  
-0.27   
-0.03   
-1.13   
-0.016  
-0.3    
-0.133  
-0.015  
-2.558  0.814   0.0 -0.213  
-0.033  
-1.086  0.479   0.234   -0.234  
-0.043  0.001   0.005   -0.005  
-0.73   
-0.517  
-0.14   
-1.152  1.152   3.728   -8.157  
-0.028  
-0.194  0.153   0.0 -0.024  
-0.134  0.019   0   -0.031                                              
-0.07   0.046   0   -0.031                                              
-0.03   0.014   0   -0.011                                              
-0.184                                                          
-0.031                                                          
-0.153  0.106   0   -0.051                                              
-0.07   0.046   0   -0.031                                              
-0.705  0.679   1.421   -1.421                                              
-0.016                                                          
-0.16                                                           
-0.017                                                          
-0.086  0.069   0   -0.015                                              
-0.023                                                          
-0.5                                                            
-0.118  0.085   0.059   -0.059                                              
-0.084                                                          
-0.014                                                          
-0.046  0.014   0.034   -0.034                                              
-0.027                                                          
-0.283  0.233   0.498   -0.498                                              
-0.126  0.015   0.111   0.0 0.0 -0.039  0.011   0.028   0.091   0.0 -0.158  0.0 0.049   0.0 0.0 -0.049  
-0.8    
-0.048  0.016   0.0 0.032   0.0 -0.24   0.129   0.111   0.0 0.024   -0.125  0.0 0.0 0.0 0.027   -0.027  
-0.035  0.022   0.0 -0.082  
-0.283  0.024   0.0 -0.424  
-0.09   
-2.03   
-1.13   0.837   0.0 -0.334  
-0.13   0.068   0.066   -0.066  
-0.032  
-0.013  0.0 0.09    -0.09   
-0.36   
-0.031  
-6.016  
-0.02   
-0.501  
-0.014  
-0.6    
-0.02   
-0.027  0.013   0.0 -0.014  
-0.016                                                          
-0.967
-0.028                                                          
-0.017                                                          
-0.554  0.414   0.489   -0.489                                              
-0.015                                                          
-0.14                                                           
-0.054  0.028   0   -0.021                                              
-0.029                                                          
-0.292  0.128   0.133   -0.133                                              
-2.849  1.254   0   -1.447                                              
-0.03   0.012   0.032   -0.032                                              
-0.053  0.044   0   -0.039                                              
-0.014  
-0.041  0.011   0.017   -0.017  
-0.02   
-0.018  
-0.265  0.214   0.0 -0.048  
-0.019  
-0.039  



[0, 1, 2, 3, 4, 5, 6, 7, 8, 9, 10, 12, 11, 13, 15, 14, 16, 17, 18, 19, 20, 21, 22, 23, 24, 25, 26, 27, 28, 29, 30, 32, 31, 33, 35, 34, 36, 37, 38, 39]
{{}, {}, {}, {}, {}, {}, {}, {}, {7}, {}, {4}, {12}, {}, {}, {12, 13, 15}, {}, {}, {12}, {4, 13, 15}, {4, 9}, {}, {}, {}, {}, {}, {}, {}, {}, {}, {}, {}, {}, {}, {}, {}, {}, {}, {}, {}, {}}


{{20, 25, 26, 27, 28, 30}, {20, 25, 26, 27, 28, 30}, {}, {25, 28}, {20, 21, 24, 25, 26, 27, 28, 30, 31, 34, 37, 38, 39}, {20, 22, 25, 26, 27, 28, 30, 34, 38, 39}, {20, 25, 26, 27, 28, 30, 34, 38}, {20, 26, 28, 30}, {20, 26, 28, 30}, {20, 21, 25, 27, 28, 30, 38, 39}, {20, 21, 24, 25, 26, 27, 28, 30, 34, 38, 39}, {}, {20, 25, 27, 28, 30, 34}, {20, 21, 25, 27, 28, 30, 37, 38, 39}, {25, 28}, {25, 28, 30}, {20, 28, 30}, {}, {25}, {20, 25, 27, 28, 30, 38, 39}}
