-0.014                                                          
-0.4                                                            
-0.077                                                          
-0.026                                                          
-0.32                                                           
-0.013                                                          
-0.57   0.144   0.299   0.015   0   -0.061  0.061   0   0   0   -0.287  0.287   0.2 0   0   -0.2
-0.059                                                          
-0.2                                                            
-0.018  0.006   0   -0.072                                              
-0.125  0.07    0.026   -0.026                                              
-0.243  0.187   0.075   -0.075                                              
-0.138  0.114   0   -0.075                                              
-0.214                                                          
-0.034  0.004   0   -0.096                                              
-0.1                                                            
-0.014                                                          
-0.045  0.009   0.021   -0.021                                              
-0.6                                                            
-0.016                                                          
-0.022                                                          
-0.088  0.088   0.046   -0.121                                              
-1.014                                                          
-0.03                                                           
-0.4                                                            
-1.1                                                            
-0.141  0.091   0.031   -0.031                                              
-3.016                                                          
-0.013                                                          
-0.13                                                           
-0.014                                                          
-0.027                                                          
-0.7                                                            
-0.087                                                          
-0.904                                                          
-0.052  0.041   0   -0.034                                              
-2.013                                                          
-0.026  0.026   0.015   -0.07                                               
-0.05                                                           
-0.3                                                            
-0.19                                                           
-0.034                                                          
-0.078  0.078   0.925   -1.369                                              
-0.052  0.026   0   -0.027                                              
-0.395  0.119   0.205   -0.205                                              
-0.6                                                            
-0.014                                                          
-0.13                                                           
-0.392  0.221   0.031   -0.031                                              
-0.187                                                          
-0.029                                                          
-0.033  0.024   0   -0.017                                              
-0.022                                                          
-0.047  0.014   0   -0.032                                              
-0.047                                                          
-0.024  0.024   0.049   -0.504                                              
-0.013                                                          
-0.26                                                           
-0.077  0.034   0   -0.007                                              
-0.1                                                            
-0.118  0.085   0.059   -0.059                                              
-0.015                                                          
-0.04   0.018   0   -0.011                                              
-0.021                                                          
-0.121                                                          
-0.762                                                          
-0.07   0.069   0   -0.043                                              
-0.6                                                            
-0.025                                                          
-0.03   0.014   0   -0.011                                              
-0.184                                                          
-0.031                                                          
-0.652  0.048   0   -0.476                                              
-0.07   0.046   0   -0.031                                              
-0.12                                                           
-0.199                                                          
-0.015                                                          
-0.026                                                          
-0.5                                                            
-0.26                                                           


[1, 2, 4, 5, 7, 9, 10, 11, 14, 15, 16, 12, 6, 0, 17, 18, 8, 3, 19, 13, 21, 22, 24, 25, 27, 29, 30, 31, 34, 35, 36, 32, 26, 20, 37, 38, 28, 23, 39, 33]
{{16}, {}, {}, {1, 18}, {}, {}, {16}, {}, {4, 18}, {}, {}, {}, {16}, {2, 16, 17, 19}, {}, {}, {}, {}, {}, {}, {}, {}, {}, {}, {}, {}, {}, {}, {}, {}, {}, {}, {}, {}, {}, {}, {}, {}, {}, {}}


{{}, {21, 23, 24, 26, 28, 29, 33}, {20, 21, 22, 23, 24, 25, 26, 27, 28, 29, 30, 31, 32, 33, 35, 37, 38}, {23, 28, 29}, {20, 21, 22, 23, 24, 26, 27, 28, 29, 31, 32, 33, 35, 37, 38}, {29}, {28, 33}, {23, 24, 28, 33}, {28, 29}, {20, 21, 22, 23, 24, 26, 27, 28, 29, 31, 32, 33, 35, 37, 38, 39}, {23, 24, 28, 29}, {20, 22, 23, 24, 26, 28, 29, 32, 33, 35, 37, 39}, {}, {}, {}, {28, 29}, {22, 23, 24, 28, 29, 32, 33, 37, 39}, {20, 21, 22, 23, 24, 26, 28, 29, 32, 33, 35, 36, 37, 38, 39}, {20, 21, 22, 23, 24, 26, 27, 28, 29, 31, 32, 33, 35, 36, 37, 38, 39}, {33}}