-0.013  
-0.843
-0.059  0.011   0.02    0.028   0.0 -0.023  0.0 0.0 0.0 0.0 -0.034  0.0 0.0 0.0 0.016   -0.016  
-0.148  0.124   0.0 -0.103  
-0.084  
-0.014  
-0.046  0.014   0.034   -0.034  
-0.027  
-0.013  
-0.3    
-0.108  0.073   0.227   -0.227  
-0.029  0.01    0.0 -0.009  
-0.601  0.601   0.111   -0.147  
-0.108  
-1.85   
-0.014  
-0.082  
-0.86   
-0.032  
-0.026  
-1.577  0.391   0.627   0.114   0.253   -0.253  0.0 0.0 0.0 0.332   -0.332  0.0 0.0 0.0 0.006   -0.006  
-0.016  
-0.029  
-0.107  
-0.023  
-0.13  
-0.501
-0.08  
-0.74   0.74    0.495   -1.556  
-0.097  0.041   0.0 -0.046  
-0.079  
-2.14  
-0.05   0.035   0.015   0.0 0.021   -0.057  0.0 0.006   0.0 0.055   -0.055  0.0 0.0 0.0 0.0 -0.056  
-0.013  
-0.111  
-0.056  
-0.24   
-0.073  
-0.114  
-0.016  
-0.161  0.064   0.046   -0.046  
-0.073  
-0.144
-0.039  
-0.122  
-0.024  
-0.18  
-0.766  
-0.556  0.556   0.078   -0.605  
-0.1 
-0.027  
-0.4    
-0.02   
-0.13   
-0.01  
-0.2
-0.171  
-0.023  
-0.015  
-0.52   
-0.131  
-0.503  0.171   0.149   0.048   0.214   -0.214  0.0 0.0 0.0 0.129   -0.129  0.0 0.0 0.0 0.028   -0.028  
-0.05   
-0.252  0.134   0.0 -0.015  
-0.091  
-0.14   
-0.22   
-0.1    
-0.712  
-1.025   
-0.056  
-0.034  
-0.363  
-0.086  0.069   0.0 -0.015  
-0.705  0.679   1.421   -1.421  
-0.016  
-0.16  
-0.282  0.142   0.042   -0.042  
-0.088  
-0.03   0.016   0.0 -0.02   




[2, 0, 3, 4, 5, 7, 8, 10, 11, 13, 14, 16, 1, 17, 18, 12, 19, 15, 9, 6, 22, 20, 23, 24, 25, 27, 28, 30, 31, 33, 34, 36, 21, 37, 38, 32, 39, 35, 29, 26]
{{2}, {16}, {}, {}, {}, {}, {2, 13, 18, 19}, {}, {}, {2, 19}, {}, {}, {2, 13, 18}, {}, {}, {2, 8, 19}, {}, {}, {}, {}, {}, {}, {}, {}, {}, {}, {}, {}, {}, {}, {}, {}, {}, {}, {}, {}, {}, {}, {}, {}}


{{}, {27}, {20, 25, 26, 27, 29, 31, 35, 37}, {26, 27, 29}, {}, {26, 27, 29, 37}, {25, 26, 27, 29}, {20, 21, 22, 23, 24, 25, 26, 27, 28, 29, 30, 31, 32, 33, 34, 35, 36, 37, 38, 39}, {}, {25, 26, 27, 29}, {27}, {25, 26, 27, 29}, {27, 29}, {23, 24, 25, 26, 27, 29, 32, 33}, {20, 23, 24, 25, 26, 27, 29, 32, 33}, {}, {27, 29}, {20, 25, 26, 27, 29, 32}, {23, 25, 26, 27, 29, 32, 33}, {20, 25, 26, 27, 29, 31, 32, 35, 39}}
