-0.034  
-0.168  0.035   0.0 -1.122  
-0.087  
-0.06   0.031   0.0 -0.017  
-0.159  0.085   0.0 -0.034  
-1.399  0.944   0.497   -0.497  
-0.115  
-0.038
-0.068  0.031   0.008   -0.008  
-0.07  
-0.087  
-0.06   0.031   0.0 -0.017  
-0.159  0.085   0.0 -0.034  
-1.399  0.944   0.497   -0.497  
-0.115  
-0.038  
-0.09   
-0.016  
-0.025  
-0.22   
-0.084  0.001   0.034   0.037   0.0 -0.005  0.0 0.005   0.0 0.0 -0.026  0.026   0.0 0.0 0.0 -0.008  
-0.1  
-1.99   1.99    9.445   -20.964 
-0.018  
-0.251  0.082   0.151   -0.151  
-0.164  0.122   0.0 -1.906  
-0.94   
-0.024    
-0.019  
-0.016  
-0.025  
-0.022  
-0.105  0.047   0.0 -0.034  
-0.034  0.01    0.037   -0.037  
-1.99   1.99    9.445   -20.964 
-0.018  
-0.251  0.082   0.151   -0.151  
-0.164  0.122   0.0 -1.906  
-0.094  
-0.024  
-0.027  
-0.72   
-0.057  
-0.08   
-0.453  
-0.506  0.124   0.149   0.031   0.0 -0.223  0.223   0.0 0.203   0.0 -0.203  0.0 0.0 0.067   0.0 -0.067  
-0.016  
-0.15
-0.02   
-0.521  0.154   0.181   0.144   0.0 -0.214  0.0 0.0 0.027   0.0 -0.027  0.0 0.0 0.0 0.109   -0.109  
-0.472  0.205   0.0 -0.057  
-0.524  
-0.034  0.034   0.018   -0.05   
-4.394  
-0.013  
-0.283  
-0.032  
-0.018  0.002   0.014   -0.014  
-0.024  
-0.093  
-0.232  0.232   0.522   -1.028  
-0.282  0.142   0.042   -0.042  
-0.088  
-0.03   0.016   0.0 -0.02   
-0.014  
-0.179  
-0.033  
-0.14      
-0.5    
-0.021  
-0.107  
-0.013  
-0.503  0.171   0.149   0.048   0.214   -0.214  0.0 0.0 0.0 0.129   -0.129  0.0 0.0 0.0 0.028   -0.028  
-0.059  
-0.196  0.145   0.101   -0.101  
-0.052  
-0.016  0.002   0.0 -0.009  
-0.041  0.036   0.0 -0.021  
-0.061  0.005   0.0 -0.06   
-0.4


[2, 4, 5, 8, 11, 1, 13, 14, 15, 10, 9, 16, 17, 12, 7, 3, 18, 19, 6, 0, 22, 24, 25, 28, 31, 21, 33, 34, 35, 30, 29, 36, 37, 32, 27, 23, 38, 39, 26, 20]
{{1, 5, 8, 11, 13, 19}, {11}, {}, {11, 13, 17}, {}, {}, {1, 3, 5, 8, 11, 13, 17, 19}, {11, 13, 17}, {}, {1, 8, 11, 15}, {14, 15}, {}, {11, 13, 17}, {11}, {}, {}, {}, {}, {}, {11}, {}, {}, {}, {}, {}, {}, {}, {}, {}, {}, {}, {}, {}, {}, {}, {}, {}, {}, {}, {}}

{{20, 26, 27, 32}, {20, 21, 23, 26, 27, 29, 32, 33, 36, 37, 39}, {20, 23, 26, 27, 32}, {20, 21, 23, 25, 26, 27, 29, 32, 33, 36, 37, 39}, {}, {20, 21, 23, 26, 27, 29, 32, 33, 36, 37, 39}, {20, 23, 26, 27, 32}, {20, 21, 23, 25, 26, 27, 29, 32, 33, 36, 37, 39}, {20, 21, 23, 26, 27, 29, 31, 32, 33, 36, 37, 39}, {26, 27}, {}, {20, 21, 22, 23, 25, 26, 27, 29, 30, 32, 33, 34, 36, 37, 39}, {20, 25, 26, 27, 32, 39}, {20, 21, 22, 23, 25, 26, 27, 29, 30, 32, 33, 36, 37, 39}, {23, 26, 27, 32}, {23, 26, 27, 29, 32, 36, 37}, {20, 23, 26, 27, 29, 32, 33, 36, 37}, {20, 21, 22, 23, 25, 26, 27, 29, 30, 32, 33, 34, 36, 37, 39}, {20, 25, 26, 27, 32, 39}, {20, 21, 23, 26, 27, 29, 32, 33, 36, 37, 39}}
