-0.161  0.064   0.046   -0.046  
-0.073  
-0.144
-0.039  
-0.122  
-0.024  
-0.18  
-0.766  
-0.556  0.556   0.078   -0.605  
-0.23   
-0.042  
-0.017  
-0.52   
-0.039  
-0.016  
-0.023  
-6.924  6.213   0.158   -0.158  
-0.092  
-0.12   
-0.202  0.016   0.041   -0.041  
-0.116  
-0.15   
-0.02   
-0.017  
-0.103  
-0.037  
-0.233  0.177   0.0 -0.017  
-0.167  0.075   0.084   -0.084  
-0.024  
-0.252  0.134   0.0 -0.015  
-0.091  
-0.14   
-0.22   
-0.1    
-0.712  
-1.025   
-0.056  
-0.034  
-0.363  
-0.086  0.069   0.0 -0.015  
-0.027  
-0.72   
-0.057  
-0.08   
-0.453  
-0.506  0.124   0.149   0.031   0.0 -0.223  0.223   0.0 0.203   0.0 -0.203  0.0 0.0 0.067   0.0 -0.067  
-0.016  
-0.15
-0.02   
-0.521  0.154   0.181   0.144   0.0 -0.214  0.0 0.0 0.027   0.0 -0.027  0.0 0.0 0.0 0.109   -0.109  
-0.472  0.205   0.0 -0.057  
-0.524  
-0.034  0.034   0.018   -0.05   
-4.394  
-0.013  
-0.283  
-0.032  
-0.018  0.002   0.014   -0.014  
-0.024  
-0.093  
-0.014  
-0.18  
-0.024  
-0.062  0.024   0.02    -0.02   
-0.285  0.113   0.0 0.161   0.0 -0.352  0.161   0.0 0.0 0.0 -0.189  0.189   0.09    0.0 0.0 -0.09   
-0.339  0.073   0.223   -0.223  
-0.015  
-0.16  
-0.123  
-0.018  
-0.22  
-0.114  
-0.134  
-0.854  0.386   0.076   0.164   0.0 -0.37   0.0 0.37    0.0 0.277   -0.277  0.0 0.35    0.0 0.0 -0.35   
-0.022  
-0.019  
-0.15  
-0.108  
-0.238  0.238   0.122   -0.149  
-0.094  



[1, 2, 0, 4, 5, 6, 8, 9, 11, 7, 12, 14, 15, 16, 10, 3, 17, 18, 13, 19, 21, 22, 20, 24, 25, 26, 28, 29, 31, 27, 32, 34, 35, 36, 30, 23, 37, 38, 33, 39]
{{1, 2}, {}, {}, {16}, {}, {}, {}, {11}, {}, {1}, {1, 2, 16}, {}, {2}, {2, 18}, {}, {}, {}, {}, {}, {}, {}, {}, {}, {}, {}, {}, {}, {}, {}, {}, {}, {}, {}, {}, {}, {}, {}, {}, {}, {}}


{{20, 23, 26, 27, 29, 30, 32, 33, 39}, {20, 21, 23, 25, 26, 27, 29, 30, 32, 33, 36, 39}, {20, 21, 23, 25, 26, 27, 29, 30, 32, 33, 39}, {26}, {20, 25, 26, 27}, {20, 23, 26, 27, 29, 30, 32, 33, 37, 39}, {20, 21, 22, 23, 25, 26, 27, 29, 30, 32, 33, 35, 36, 38, 39}, {26, 27, 30, 33}, {23, 26, 27, 30, 33}, {20, 25, 26, 27, 30, 32}, {20, 25, 26, 27, 30, 32, 33}, {23, 26, 27, 30, 32, 33, 39}, {20, 21, 23, 25, 26, 27, 29, 30, 32, 33, 39}, {23, 26, 27, 30, 32, 33, 39}, {23, 26, 27, 30, 32, 33, 39}, {20, 23, 26, 27, 30, 32, 33}, {20, 23, 25, 26, 27, 30, 32, 33, 38}, {26}, {20, 23, 26, 27, 29, 30, 32, 33, 39}, {20, 21, 23, 25, 26, 27, 29, 30, 32, 33, 34, 35, 36, 37, 38, 39}}
