-0.061  
-0.459  
-0.044  0.023   0.0 -0.061  
-0.01   
-0.175  0.081   0.0 -0.013  
-0.051
-0.174  
-0.259  0.166   0.084   -0.084  
-0.051  
-0.043  0.013   0.05    -0.05   
-0.66   
-0.128  0.044   0.012   0.03    0.061   -0.061  0.0 0.0 0.051   0.0 -0.051  0.0 0.0 0.0 0.088   -0.088  
-0.016  
-0.28   
-0.447  
-0.016  
-0.16   
-0.028  
-0.022  
-1.928  0.888   0.162   0.878   0.25    -0.864  0.0 0.0 0.259   0.0 -0.259  0.0 0.0 0.0 0.92    -0.92   
-0.738  
-0.072  
-0.23  
-0.025  
-0.016  
-0.17  
-9.432  1.437   1.616   -1.616  
-0.016  
-0.41  
-0.082  0.03    0.0 -0.057  
-0.036  
-0.033  0.012   0.0 -0.02   
-0.021  
-0.25  
-0.15  
-0.016  
-0.33  
-0.092  
-0.083  
-0.014  
-0.034  
-0.168  0.035   0.0 -1.122  
-0.087  
-0.06   0.031   0.0 -0.017  
-0.159  0.085   0.0 -0.034  
-1.399  0.944   0.497   -0.497  
-0.115  
-0.038  
-0.019
-0.086  0.019   0   -0.06                                               
-1.235                                                          
-0.041  0.041   0.004   -0.031                                              
-0.016                                                          
-0.04                                                           
-0.388  0.234   0.055   -0.055                                              
-0.16   0.128   0.2 -0.2                                                
-0.4    0.037   0.147   0.055   0   -0.175  0   0.175   0.172   0   -0.172  0   0.049   0   0   -0.049
-0.021                                                          
-0.21                                                           
-0.108                                                          
-0.16   0.055   0.075   -0.075                                              
-0.3                                                            
-0.063  0.037   0   -0.041                                              
-0.015                                                          
-0.37   0.207   0.032   -0.032                                              
-2.15                                                           
-0.063  0.008   0   -0.022                                              
-0.082                                                          
-0.128  0.074   0.064   -0.064                                                
-0.016  
-0.025  
-0.022  
-0.105  0.047   0.0 -0.034  
-0.034  0.01    0.037   -0.037  
-1.99   1.99    9.445   -20.964 
-0.018  
-0.251  0.082   0.151   -0.151  
-0.164  0.122   0.0 -1.906  
-0.094  
-0.024  



[1, 5, 3, 7, 8, 10, 11, 13, 14, 16, 17, 15, 9, 2, 18, 12, 19, 6, 4, 0, 21, 25, 23, 27, 28, 30, 31, 33, 34, 36, 37, 35, 29, 22, 38, 32, 39, 26, 24, 20]
{{3, 5, 17, 18, 19}, {}, {5, 17}, {5}, {7, 17, 19}, {}, {1, 3, 5, 7, 8, 11, 14, 15, 16, 17, 19}, {}, {}, {5, 17}, {}, {}, {5, 9, 17, 18}, {}, {}, {17}, {}, {}, {5}, {}, {}, {}, {}, {}, {}, {}, {}, {}, {}, {}, {}, {}, {}, {}, {}, {}, {}, {}, {}, {}}


{{32}, {24, 26, 27, 32, 34, 35}, {32}, {20, 22, 23, 24, 26, 30, 32, 33, 38}, {20, 22, 24, 26, 32, 33}, {20, 21, 22, 23, 24, 26, 27, 28, 29, 30, 31, 32, 33, 34, 35, 36, 38, 39}, {}, {20, 21, 22, 23, 24, 26, 27, 28, 29, 30, 32, 33, 35, 36, 38, 39}, {20, 22, 23, 24, 26, 30, 32, 33, 38}, {32}, {20, 22, 29, 30, 32, 33, 38}, {20, 22, 23, 24, 26, 29, 30, 32, 33, 38}, {}, {20, 21, 22, 23, 24, 25, 26, 27, 28, 29, 30, 32, 33, 35, 36, 37, 38, 39}, {20, 22, 24, 29, 30, 32, 33, 38}, {20, 24, 26, 32, 35}, {32}, {20, 21, 22, 23, 24, 26, 27, 28, 30, 32, 33, 35, 36, 38, 39}, {20, 22, 29, 30, 32, 38}, {20, 22, 24, 26, 27, 28, 30, 31, 32, 33, 34, 35, 36}}
