-0.073	0.034	0.024	-0.024	
-0.016	
-0.132	
-0.026	
-0.28	
-0.053	
-0.017	
-1.14	
-0.3	
-0.137	
-0.032	0.002	0.006	-0.006	
-2.031	
-0.07	0.07	0.028	-0.07	
-0.227	0.041	0.114	0.004	0.0	-0.004	0.0	0.0	0.0	0.0	-0.122	0.0	0.0	0.108	0.0	-0.108	
-0.025	
-0.4	
-0.03  
-0.28	
-0.247	0.194	0.119	-0.119	
-0.016  
-0.034  0.025   0.0 -0.021  
-0.015  
-0.06   
-0.04, 0.001, 0.0, -0.008
-0.022  
-0.24   
-0.086  
-0.31   0.15    0.077   -0.077  
-0.013  
-0.061  0.031   0.0 -0.008  
-0.009  
-0.051  
-0.556  0.458   0.145   -0.145  
-1.03   
-0.118  0.094   0.0 -0.012                                         
-0.022                                                          
-0.9                                                            
-0.2                                                            
-0.472  0.205   0   -0.057                                              
-0.524                                                          
