-0.5  
-14.808 
-0.617  0.11    0.082   0.195   0.233   -0.233  0.0 0.0 0.0 0.0 -0.122  0.122   0.0 0.062   0.0 -0.062  
-1.814  
-3.056  2.528   1.799   -1.799  
-0.022  
-0.6  
-0.017  
-0.16  
-0.028  
-0.018  0.007   0.0 -0.022  
-0.402  0.402   0.277   -0.72   
-0.8  
-0.021  
-0.214  0.01    0.203   -0.203  
-0.136  
-0.014  
-0.078  0.053   0.0 -0.021  
-0.989  0.64    0.0 -0.83   
-0.065  
-0.148  0.118   0.029   0.0 0.225   -0.332  0.029   0.0 0.0 0.0 -0.225  0.225   0.265   0.0 0.0 -0.265  
-0.022  
-0.12   0.063   0.242   -0.242                                              
-0.022                                                          
-0.257  0   0.099   0   0.106   -0.384  0   0.111   0   0.084   -0.084  0   0   0   0.151   -0.151
-0.013                                                          
-0.128  0.044   0.012   0.03    0.061   -0.061  0   0   0.051   0   -0.051  0   0   0   0.088   -0.088
-0.054  0.019   0   -0.032                                              
-0.052                                                          
-0.123  0.067   0   -0.14                                               
-0.014                                                          
-0.13                                                           
-0.392  0.221   0.031   -0.031                                              
-0.187                                                          
-0.029                                                          
-1.022                                                          
-0.047  0.014   0   -0.032                                              
-0.04                                                           
-0.013                                                          
-0.136  0.085   0.05    -0.05                                               
