-0.017
-0.3	
-0.029	0.004	0.018	-0.018	
-0.031	
-0.231	
-0.31	0.185	0.0	-0.133	
-0.04	0.006	0.0	0.0	0.0	-0.025	0.025	0.0	0.0	0.024	-0.055	0.031	0.0	0.0	0.0	-0.006	
-0.023	
-0.22		
-0.083	0.064	0.0	-0.042	
-0.027	
-0.13
-0.092  0.012   0.041   0.0 0.0 -0.073  0.0 0.041   0.0 0.0 -0.036  0.0 0.0 0.022   0.0 -0.022  
-0.202	
-0.028	
-0.6	
-0.025	0.004	0.05	-0.05	
-0.28	
-0.022	
-0.201	0.13	0.0	-0.009	
-0.097  0.041   0.0 -0.046  
-0.079  
-2.14  
-0.05
-0.04  
-0.032  0.012   0.053   -0.053  
-2.696  1.259   0.291   -0.291  
-0.056  
-0.205  
-0.02   
-12.771 12.771  7.502   -7.609  
-0.108  
-0.14   0.05    0.0 -0.146  
-0.084                                                          
-0.014                                                          
-0.046  0.014   0.034   -0.034                                              
-0.027                                                          
-0.283  0.233   0.498   -0.498                                              
-0.3                                                            
-0.108  0.073   0.227   -0.227                                              
