-0.99  
-0.029  
-7.103  3.076   0.0 -0.282  
-0.026  
-0.063  
-0.013  
-0.105  0.032   0.087   -0.087  
-0.7   
-0.028  
-0.03   0.009   0.0 -0.01   
-0.138  
-1.03   
-0.013  
-0.075  0.058   0.275   -0.275  
-0.369  0.199   0.035   -0.035  
-7.586 
-0.582  0.359   0.165   -0.165  
-0.09   
-0.022  
-0.15  
-0.087  0.048   0.0 -0.023  
-0.049  0.049   0.013   -0.037  
-1.077  0.739   0.439   -0.439  
-0.018  0.002   0.0 -0.008  
-0.53   
-0.663  0.184   0.0 -0.161  
-0.024  0.016   0.0 -0.017  
-0.3
-0.57   0.144   0.299   0.015   0   -0.061  0.061   0   0   0   -0.287  0.287   0.2 0   0   -0.2
-0.028                                                          
-0.2                                                            
-0.124  0.078   0.07    -0.07                                               
-0.23                                                           
-0.014                                                          
-0.035  0.017   0   -0.028    
-0.021                                                          
-0.282  0.142   0.042   -0.042                                              
-0.088                                                          
-0.03   0.016   0   -0.02                                               
-0.19                                                           
