-0.617  0.11    0.082   0.195   0.233   -0.233  0.0 0.0 0.0 0.0 -0.122  0.122   0.0 0.062   0.0 -0.062    
-0.028  
-0.013  
-0.301  
-0.083  
-0.663  0.184   0.0 -0.161  
-0.024  0.016   0.0 -0.017  
-0.3   
-0.072  
-0.03   0.011   0.066   -0.066  
-0.033  
-0.14   0.14    0.153   -0.185  
-1.3  
-0.313  0.313   0.497   -0.719  
-2.032  
-0.022  
-0.031  0.01    0.0 -0.049  
-0.153  
-0.014  
-0.6 
-0.016  
-0.023  0.002   0.0 -0.041  
-0.5   
-0.021  
-0.233  0.188   0.0 0.0 0.0 -0.118  0.008   0.011   0.0 0.0 -0.11   0.11    0.045   0.0 0.0 -0.045  
-0.04  
-0.031                                                          
-0.153  0.106   0   -0.051                                                                                                     
-0.016                                                          
-0.16                                                           
-0.017                                                          
-0.086  0.069   0   -0.015                                              
-0.023                                                          
-0.5        
-0.013  
-1.01   0.417   0.465   -0.465  
-0.028  
-0.017  
-0.554  0.414   0.489   -0.489  
-0.044  0.025   0.0 -0.026  