-0.022	
-0.088	0.088	0.046	-0.121	
-1.014	
-0.03	
-0.4	
-1.1	
-0.141	0.091	0.031	-0.031	
-3.016	
-0.013	
-0.13	
-0.014	
-0.027	
-0.7	
-0.087	
-0.904	
-0.052	0.041	0.0	-0.034	
-2.013	
-0.026	0.026	0.015	-0.07	
-0.05	
-0.3	
-0.093  0.093   0.43    -0.966  
-0.112  0.112   1.166   -2.304  
-0.129  0.065   0.04    -0.04   
-0.093  0.06    0.054   -0.054  
-0.21   
-0.067  
-0.145  
-0.208  0.129   0.043   -0.043  
-0.014  
-0.23   
-0.227  0.083   0.212   -0.212  
-0.209  0.041   0.441   -0.441  
-0.029  0.009   0.0 -0.015  
-0.078  
-0.123  0.067   0   -0.14                                               
-0.014                                                          
-0.13                                                           
-0.392  0.221   0.031   -0.031                                              
-0.187                                                          
-0.029                                                          
