-0.069	
-0.024	0.002	0.026	-0.026	
-0.31	0.15	0.077	-0.077	
-0.028	
-0.016	
-0.321	0.117	0.17	-0.17	
-0.336	
-0.66	
-0.015	
-0.028	
-0.106	0.064	0.0	-0.011	
-0.118	0.094	0.0	-0.012	
-0.016	
-0.109	0.109	1.159	-1.49	
-0.126	0.015	0.111	0.0	0.0	-0.039	0.011	0.028	0.091	0.0	-0.158	0.0	0.049	0.0	0.0	-0.049	
-0.8	
-0.056	
-0.192	0.131	0.0	-0.023	
-0.04	
-0.014	
-0.013                                                          
-0.084                                                          
-0.059  0.011   0.02    0.028   0   -0.023  0   0   0   0   -0.034  0   0   0   0.016   -0.016
-0.148  0.124   0   -0.103                                              
-0.046  0.014   0.034   -0.034                                              
-0.014                                                          
-0.05   0.035   0.015   0   0.021   -0.057  0   0.006   0   0.055   -0.055  0   0   0   0   -0.056
-0.027                                                          
-0.04                                                           
-0.032  0.012   0.053   -0.053                                              
-2.696  1.259   0.291   -0.291                                              
-0.056                                                          
-0.205                                                          
-0.02                                                           
-12.771 12.771  7.502   -7.609                                              
-0.108                                                          
-0.14   0.05    0   -0.146                                              
-0.283  0.233   0.498   -0.498                                              
-0.3                                                            
-0.108  0.073   0.227   -0.227                                              