-0.015  
-0.13  
-0.05  
-0.21  
-0.024  
-0.95  
-0.153  0.058   0.0 -0.065  
-0.013  
-0.481  0.373   0.413   -0.413  
-0.204  
-0.104  
-2.85   1.319   0.0 -0.037  
-0.014  
-0.034  0.034   0.02    -0.064  
-0.016  
-0.022  0.022   0.011   -0.08   
-4.397  
-0.122  0.078   0.084   -0.084  
-0.03  
-0.029  0.004   0.0 -0.019  
-0.238  0.238   0.138   -0.171  
-0.016  
-0.053  
-0.031  0.018   0.0 -0.028                                                     
-0.014                                                          
-0.124  0.078   0.07    -0.07                                               
-0.035  0.017   0   -0.028                                              
-0.032                                                          
-0.896  0.497   0.187   -0.187                                              
-0.061                                                          
-0.028  0.004   0.016   -0.016                                              
-0.015                                                          
-0.15                                                           
-0.05                                                           
-0.718  0.151   0.214   0.258   0.111   -0.111  0   0   0   0   -0.209  0   0   0   0   -0.017
-0.015                                                          
-0.342                                                          
-0.313  0.292   0   -0.224                                              
-0.057                                                                          
-0.018  