-0.118	0.085	0.059	-0.059	
-0.015	
-0.04   0.018   0.0 -0.011  
-0.021	
-0.121	
-0.762	
-0.07   0.069   0.0 -0.043  
-0.6
-0.025	
-0.03   0.014   0.0 -0.011  
-0.184	
-0.031	
-0.652	0.048	0.0	-0.476	
-0.07	0.046	0.0	-0.031	
-0.12	
-0.199	
-0.015	
-0.026	
-0.5	
-0.26  
-0.57   0.144   0.299   0.015   0   -0.061  0.061   0   0   0   -0.287  0.287   0.2 0   0   -0.2
-0.028                                                          
-0.2                                                            
-0.124  0.078   0.07    -0.07                                               
-0.23                                                           
-0.014                                                          
-0.035  0.017   0   -0.028                                              
-0.032        
-0.072  
-0.03   0.011   0.066   -0.066  
-0.13    
-0.03   
-0.025  0.014   0.0 -0.099  
-4.811  1.12    1.267   1.072   0.0 -0.172  0.0 0.0 0.716   0.0 -0.716  0.0 0.0 0.0 0.27    -0.27   
-0.058  0.027   0.021   -0.021  
-0.617  0.11    0.082   0.195   0.233   -0.233  0.0 0.0 0.0 0.0 -0.122  0.122   0.0 0.062   0.0 -0.062    
-0.028 
-0.138  0.114   0   -0.075                                              
-0.186  0.076   0   -0.053     
-0.014  