-0.174	
-0.272	
-7.114	4.432	0.0	2.083	0.0	-10.119	1.874	8.245	0.0	3.987	-3.987	0.0	3.394	0.0	0.0	-3.394	
-0.27	
-0.03	
-1.13	
-0.016	
-0.3	
-0.133	
-0.015	
-2.558	0.814	0.0	-0.213	
-0.033  
-1.086	0.479	0.234	-0.234	
-0.043	0.001	0.005	-0.005	
-0.73	
-0.517	
-0.14	
-1.152  1.152   3.728   -8.157  
-0.028	
-0.194	0.153	0.0	-0.024	
-0.134  0.019   0   -0.031                                              
-0.07   0.046   0   -0.031                                              
-0.03   0.014   0   -0.011                                              
-0.184                                                          
-0.031                                                          
-0.153  0.106   0   -0.051                                              
-0.07   0.046   0   -0.031                                              
-0.705  0.679   1.421   -1.421                                              
-0.016                                                          
-0.16                                                           
-0.017                                                          
-0.086  0.069   0   -0.015                                              
-0.023                                                          
-0.5                                                            
-0.118  0.085   0.059   -0.059                                              
-0.084                                                          
-0.014                                                          
-0.046  0.014   0.034   -0.034                                              
-0.027                                                          
-0.283  0.233   0.498   -0.498                                              
