-0.19	
-0.034	
-0.078	0.078	0.925	-1.369	
-0.052	0.026	0.0	-0.027	
-0.395	0.119	0.205	-0.205	
-0.6	
-0.014	
-0.13	
-0.392	0.221	0.031	-0.031	
-0.187	
-0.029	
-0.033	0.024	0.0	-0.017	
-1.022	
-0.047	0.014	0.0	-0.032	
-0.004	
-0.024	0.024	0.049	-0.504	
-0.013	
-0.26  
-0.077  0.034   0.0 -0.007  
-3.1
-0.08                                                           
-0.115                                                          
-0.025                                                          
-0.22                                                           
-0.1                                                            
-1.99   1.99    9.445   -20.964                                             
-0.038                                                          
-0.09                                                           
-0.016                                                          
-2.14                                                           
-0.04                                                           
-0.032  0.012   0.053   -0.053                                              
-2.696  1.259   0.291   -0.291                                              
-0.056                                                          
-0.205                                                          
-0.14   0.05    0   -0.146                                              
-0.74   0.74    0.495   -1.556                                              
-0.097  0.041   0   -0.046                                              
-0.079                                                          
-0.068  0.031   0.008   -0.008                                              
