-0.028	0.006	0.0	-0.023	
-0.021	
-0.14	
-0.024	
-0.5	
-0.211	
-0.233	0.188	0.0	0.0	0.0	-0.118	0.008	0.011	0.0	0.0	-0.11	0.11	0.045	0.0	0.0	-0.045	
-1.835	
-0.023	0.002	0.0	-0.041	
-0.05	
-0.013	
-1.01	0.417	0.465	-0.465	
-0.01	
-1.878	0.316	0.181	-0.181	
-0.377	0.246	0.0	-0.23	
-0.054	
-0.02	
-0.038	0.016	0.0	-0.023	
-0.024	
-0.3	
-0.161  0.064   0.046   -0.046                                              
-0.073                                                          
-0.027                                                          
-0.395  0.119   0.205   -0.205                                              
-0.422                                                          
-0.556  0.556   0.078   -0.605                                              
-0.1                                                            
-0.056                                                          
-0.034                                                          
-0.062  0.018   0.042   -0.042                                              
-0.086  0.069   0   -0.015                                              
-0.705  0.679   1.421   -1.421                                              
-0.016                                                          
-0.021                                                          
-0.282  0.142   0.042   -0.042                                              
-0.088                                                          
-0.03   0.016   0   -0.02                                               
-0.19                                                           
-2.059                                                          
-0.047  0.014   0   -0.032         