-0.014	
-0.4	
-0.077	
-0.026	
-0.32   
-0.013	
-0.57	0.144	0.299	0.015	0.0	-0.061	0.061	0.0	0.0	0.0	-0.287	0.287	0.2	0.0	0.0	-0.2	
-0.059	
-0.2	
-0.018	0.006	0.0	-0.072	
-0.125	0.07	0.026	-0.026	
-0.243	0.187	0.075	-0.075	
-0.138	0.114	0.0	-0.075	
-0.214	
-0.034	0.004	0.0	-0.096	
-0.1	
-0.014  
-0.045  0.009   0.021   -0.021  
-0.6	
-0.016
-0.161  0.064   0.046   -0.046                                              
-0.073                                                          
-0.987  0.806   0.181   0   0   -1.785  0.649   0.407   0.609   0   -0.609  0   0   0   0.427   -0.427
-0.039                                                          
-0.03   0.014   0   -0.011                                              
-0.126  0.07    0.056   -0.056                                              
-0.031                                                          
-0.134  0.019   0   -0.031                                              
-0.07   0.046   0   -0.031                                              
-0.03   0.014   0   -0.011                                              
-0.184                                                          
-0.031                                                          
-0.153  0.106   0   -0.051                                              
-0.07   0.046   0   -0.031                                              
-0.705  0.679   1.421   -1.421                                              
-0.016                                                          
-0.16                                                           
-0.017                                                          
-0.086  0.069   0   -0.015                                              
-0.023                                                          
	