-0.096  0.033   0.0 -0.057  
-1.03   
-0.027  
-0.27   
-0.112  0.037   0.015   -0.015  
-1.443  0.0 0.752   0.0 0.43    -1.836  0.86    0.546   0.0 0.553   -0.553  0.0 0.0 1.766   0.0 -1.766  
-0.082  
-0.015  
-0.15   
-0.034  0.025   0.0 -0.021  
-0.06   
-0.556  0.458   0.145   -0.145  
-0.022  
-0.24   
-0.086  
-0.021  
-0.013  
-0.061  0.031   0.0 -0.008  
-0.99   
-0.051  
-0.6    
-0.037  0.017   0.02    0.0 0.0 -0.063  0.0 0.031   0.0 0.0 -0.039  0.012   0.0 0.0 0.036   -0.036  
-0.083  
-1.475  0.685   0.021   -0.021  
-0.13   
-0.087  0.048   0.0 -0.023  
-0.049  0.049   0.013   -0.037  
-1.077  0.739   0.439   -0.439  
-0.018  0.002   0.0 -0.008  
-0.53   
-0.663  0.184   0.0 -0.161  
-0.024  0.016   0.0 -0.017  
-0.3
-0.57   0.144   0.299   0.015   0   -0.061  0.061   0   0   0   -0.287  0.287   0.2 0   0   -0.2
-0.028                                                          
-0.2                                                            
-0.124  0.078   0.07    -0.07                                               
-0.23                                                           
-0.014                                                          
-0.035  0.017   0   -0.028                                              
