-0.821	0.699	0.095	-0.095	
-0.017	
-0.059	
-0.6	
-0.013	
-0.234	
-0.02	
-0.033	0.007	0.043	-0.043	
-0.074	
-0.458  0.025   0.121   0.211   0.15    -0.15   0.0 0.0 0.085   0.0 -0.085  0.0 0.201   0.0 0.0 -0.201 
-0.065	
-0.04	
-0.605	0.417	0.0	-0.195	
-2.956	2.182	2.893	-2.893	
-0.3	
-0.24	
-0.064	
-1.014	
-0.161	0.127	0.84	-0.84	
-0.4	
-0.016  
-0.15   0.091   0.0 -0.107  
-0.018  
-0.021  0.004   0.0 -0.046  
-0.17   
-0.018  
-0.023  
-0.093  0.093   0.43    -0.966  
-0.112  0.112   1.166   -2.304  
-0.129  0.065   0.04    -0.04   
-0.093  0.06    0.054   -0.054  
-0.21   
-0.067  
-0.145  
-0.208  0.129   0.043   -0.043  
-0.014  
-0.23   
-0.227  0.083   0.212   -0.212  
-0.209  0.041   0.441   -0.441  
-0.029  0.009   0.0 -0.015  
