-0.014	
-0.032	0.012	0.053	-0.053	
-2.696	1.259	0.291	-0.291	
-0.056	
-0.15	
-0.023	
-0.013	
-0.127	
-0.013	
-0.25	
-0.021	
-0.132	
-0.245	
-0.02	
-12.771	12.771	7.502	-7.609	
-0.027	
-0.7	
-0.097	0.085	0.0	-0.044	
-0.14	0.05	0.0	-0.146	
-6.863	5.172	1.849	-1.849	
-0.016                                                          
-0.03   0.012   0.032   -0.032                                              
-0.053  0.044   0   -0.039                                              
-0.01                                                           
-0.109  0.109   1.159   -1.49                                               
-0.126                                                          
-0.166                                                          
-0.027                                                          
-0.185  0.185   0.485   -0.572                                              
-0.02                                                           
-0.251  0.082   0.151   -0.151                                              
-0.164  0.122   0   -1.906                                              
-0.94                                                           
-0.024                                                          
-0.044  0.025   0   -0.026                                              
-0.277                                                          
-0.02                                                           
-0.045                                                          
-1.105  0.739   0.049   -0.049                                              
-0.8                                                            
