-0.016  
-0.13   
-0.033  0.003   0.0 -0.012  
-0.023  0.009   0.104   -0.104  
-0.3    
-0.218  
-0.036  0.03    0.0 -0.041  
-0.6    
-0.167  
-0.153  
-0.5    
-0.029  
-0.57   0.144   0.299   0.015   0.0 -0.061  0.061   0.0 0.0 0.0 -0.287  0.287   0.2 0.0 0.0 -0.2    
-0.028  
-0.048  0.016   0.0 0.032   0.0 -0.24   0.129   0.111   0.0 0.024   -0.125  0.0 0.0 0.0 0.027   -0.027  
-0.035  0.022   0.0 -0.082  
-0.031  
-3.03   
-0.05  
-0.283  0.024   0.0 -0.424  
-0.068  0.031   0.008   -0.008  
-0.07  
-0.087  
-0.06   0.031   0.0 -0.017  
-0.159  0.085   0.0 -0.034  
-1.399  0.944   0.497   -0.497  
-0.115  
-0.038  
-0.09   
-0.016  
-0.025  
-0.22   
-0.084  0.001   0.034   0.037   0.0 -0.005  0.0 0.005   0.0 0.0 -0.026  0.026   0.0 0.0 0.0 -0.008  
-0.1  
-1.99   1.99    9.445   -20.964 
-0.018  
-0.251  0.082   0.151   -0.151  
-0.164  0.122   0.0 -1.906  
-0.94   
-0.024  
