-0.175	0.113	0.0	-0.01	
-0.111	
-0.065	0.045	0.0	-0.032	
-0.015	
-2.947	1.011	0.0	-0.245	
-0.246	
-0.02	
-0.031	0.023	0.0	-0.017	
-0.28	
-0.802	0.016	0.0	0.46	0.0	-1.758	0.877	0.0	0.0	0.0	-0.1	0.0	0.0	0.0	0.297	-0.297	
-0.036	0.036	0.009	-0.039	
-0.03	
-0.417	
-1.028	
-0.432	
-6.251	
-0.296	0.184	0.028	-0.028	
-0.5	
-0.024	
-0.174
-0.023  
-0.093  0.093   0.43    -0.966  
-0.112  0.112   1.166   -2.304  
-0.129  0.065   0.04    -0.04   
-0.093  0.06    0.054   -0.054  
-0.21   
-0.067  
-0.145  
-0.208  0.129   0.043   -0.043  
-0.014  
-0.23   
-0.227  0.083   0.212   -0.212  
-0.209  0.041   0.441   -0.441  
-0.029  0.009   0.0 -0.015  
-0.078  
-0.123  0.067   0   -0.14                                               
-0.014                                                          
-0.13                                                           
-0.392  0.221   0.031   -0.031                                              
-0.187                                                          
