-0.205	
-0.57   0.144   0.299   0.015   0.0 -0.061  0.061   0.0 0.0 0.0 -0.287  0.287   0.2 0.0 0.0 -0.2    
-0.016	
-0.114	
-1.014	
-0.092	0.012	0.041	0.0	0.0	-0.073	0.0	0.041	0.0	0.0	-0.036	0.0	0.0	0.022	0.0	-0.022	
-0.18	
-0.148	0.017	0.0	-0.077	
-0.544	
-0.027	
-0.035	0.005	0.006	-0.006	
-1.014	
-0.3    
-0.034	0.016	0.0	-0.014	
-0.5	
-0.03	
-0.055	0.022	0.0	-0.014	
-0.014	
-0.768	
-1.596	
-0.02                                                           
-0.521  0.154   0.181   0.144   0   -0.214  0   0   0.027   0   -0.027  0   0   0   0.109   -0.109
-0.472  0.205   0   -0.057                                              
-0.524                                                          
-0.035  0.005   0   -0.005                                              
-4.394                                                          
-2.85   1.319   0   -0.037                                              
-0.014                                                          
-0.034  0.034   0.02    -0.064                                              
-0.018  0.002   0.014   -0.014                                              
-0.024                                                          
-0.118  0.002   0   -0.033                                              
-0.282  0.142   0.042   -0.042                                              
-0.088                                                          
-0.03   0.016   0   -0.02                                               
-0.057  0.026   0   -0.025                                              
-0.179                                                          
-0.033                                                          
-0.153  0.058   0   -0.065                                              
-0.013                                                          

