-0.128  0.044   0.012   0.03    0.061   -0.061  0.0 0.0 0.051   0.0 -0.051  0.0 0.0 0.0 0.088   -0.088  
-0.14       
-0.015  
-0.756  
-0.021  
-0.4  
-0.096  
-0.013  
-0.3  
-0.262  
-0.051  
-0.022  
-0.428  0.145   0.0 -0.012  
-0.024  
-0.053  0.028   0.0 -0.037  
-0.021  
-0.015  
-0.6  
-0.148  0.097   0.0 -0.086  
-0.047  0.027   0.059   -0.059  
-1.443  0.0 0.752   0.0 0.43    -1.836  0.86    0.546   0.0 0.553   -0.553  0.0 0.0 1.766   0.0 -1.766  
-0.024  
-0.18  
-0.766  
-0.556  0.556   0.078   -0.605  
-0.174  
-0.259  0.166   0.084   -0.084  
-0.051  
-0.043  0.013   0.05    -0.05   
-0.66   
-0.128  0.044   0.012   0.03    0.061   -0.061  0.0 0.0 0.051   0.0 -0.051  0.0 0.0 0.0 0.088   -0.088  
-0.016  
-0.28   
-0.447  
-0.016  
-0.16 
-0.028  
-0.2    
-0.23   
-0.014  
-0.124  0.078   0.07    -0.07   
-0.035  0.017   0.0 -0.028  
-0.032  
-0.896  0.497   0.187   -0.187  
-0.061  
-0.028  0.004   0.016   -0.016  
-0.015  
-0.15   
-0.05   
-0.03   
-0.015  
-0.342  
-0.313  0.292   0.0 -0.224  
-0.057  
-0.028  
-0.2    
-0.23   
-0.014  
-0.124  0.078   0.07    -0.07   
-0.035  0.017   0.0 -0.028  
