-0.022  
-1.928  0.888   0.162   0.878   0.25    -0.864  0.0 0.0 0.259   0.0 -0.259  0.0 0.0 0.0 0.92    -0.92   
-0.738  
-0.072  
-0.196  0.163   0.0 -0.065  
-0.063  0.033   0.028   -0.028  
-0.024  
-0.16   
-0.053  
-0.151  
-0.054  
-0.021  
-0.07   0.003   0.061   -0.061  
-0.163  0.082   0.035   0.035   0.0 -0.07   0.07    0.0 0.0 0.0 -0.029  0.029   0.0 0.0 0.0 -0.064  
-0.35  
-0.016  
-0.65  
-0.016  
-0.02   
-0.03   0.009   0.0 -0.01   
-1.415  0.093   0.0 -0.527  
-0.016  
-0.16  
-0.019  
-1.567  1.281   0.252   -0.252  
-0.207 
-0.036  
-0.016  
-0.02   
-0.24  
-0.045  0.015   0.017   -0.017  
-1.394  1.394   74.21   -105.543    
-0.08   
-0.27   
-0.03   
-0.013  
-0.108  0.046   0.052   -0.052  
-0.013  
-0.223  
-0.74   0.74    0.495   -1.556  
-0.097  0.041   0.0 -0.046  
-0.079  
-0.14  
-0.05   0.035   0.015   0.0 0.021   -0.057  0.0 0.006   0.0 0.055   -0.055  0.0 0.0 0.0 0.0 -0.056  
-0.23  
-0.025  
-0.016  
-0.17  
-9.432  1.437   1.616   -1.616  
-0.016  
-0.41  
-0.082  0.03    0.0 -0.057  
-0.036  
-0.033  0.012   0.0 -0.02   
-0.021  
-0.25  
-0.15  
-0.016  
-0.33  
-0.092  
