-0.027	
-0.72	
-0.057	
-0.021  
-0.107  
-0.013  
-0.503  0.171   0.149   0.048   0.214   -0.214  0.0 0.0 0.0 0.129   -0.129  0.0 0.0 0.0 0.028   -0.028  
-0.059  
-0.196  0.145   0.101   -0.101  
-0.052  
-0.016  0.002   0.0 -0.009  
-0.041  0.036   0.0 -0.021  
-0.061  0.005   0.0 -0.06   
-0.4
-0.049  0.014   0.01    -0.01   
-0.022  
-0.028  0.014   0.0 -0.019  
-0.153  
-0.08	
-0.453	
-0.506	0.124	0.149	0.031	0.0	-0.223	0.223	0.0	0.203	0.0	-0.203	0.0	0.0	0.067	0.0	-0.067	
-0.016	
-0.15	
-0.5
-0.196  0.163   0.0 -0.065  
-0.063  0.033   0.028   -0.028  
-0.024  
-0.16   
-0.053  
-0.151  
-0.054  
-0.021  
-0.07   0.003   0.061   -0.061  
-0.163  0.082   0.035   0.035   0.0 -0.07   0.07    0.0 0.0 0.0 -0.029  0.029   0.0 0.0 0.0 -0.064  
-0.35  
-0.016  
-0.65  
-0.016  
-0.02   
-0.03   0.009   0.0 -0.01   
-1.415  0.093   0.0 -0.527  
-0.016  
-0.16  
-0.019
-0.6    
-0.037  0.017   0.02    0.0 0.0 -0.063  0.0 0.031   0.0 0.0 -0.039  0.012   0.0 0.0 0.036   -0.036  
-0.083  
-1.475  0.685   0.021   -0.021  
-0.13   
-0.087  0.048   0.0 -0.023  
-0.049  0.049   0.013   -0.037  
-1.077  0.739   0.439   -0.439  
-0.018  0.002   0.0 -0.008  
-0.53
-0.23   
-0.042  
-0.017  
-0.52   
-0.039  
-0.016  
