-0.061  
-0.459  
-0.044  0.023   0.0 -0.061  
-0.01   
-0.175  0.081   0.0 -0.013  
-0.051
-0.03   0.009   0.0 -0.01   
-1.415  0.093   0.0 -0.527  
-0.016  
-0.16  
-0.019  
-1.567  1.281   0.252   -0.252    
-5.113  
-2.132  1.133   0.0 -0.751  
-0.4    
-0.065  
-0.53
-0.161  0.064   0.046   -0.046  
-0.073  
-0.144
-0.039  
-0.122  
-0.024  
-0.18  
-0.766  
-0.556  0.556   0.078   -0.605  
-0.1  
-0.056
-0.034  
-0.168  0.035   0.0 -1.122  
-0.087  
-0.06   0.031   0.0 -0.017  
-0.159  0.085   0.0 -0.034  
-1.399  0.944   0.497   -0.497  
-0.115
-0.108  
-1.85   
-0.014  
-0.082  
-0.86   
-0.032  
-0.026  
-1.577  0.391   0.627   0.114   0.253   -0.253  0.0 0.0 0.0 0.332   -0.332  0.0 0.0 0.0 0.006   -0.006  
-0.016  
-0.029  
-0.107  
-0.061  
-0.459  
-0.044  0.023   0.0 -0.061  
-0.01   
-0.175  0.081   0.0 -0.013  
-0.051  
-5.113  
-2.132  1.133   0.0 -0.751  
-0.4    
-0.065  
-0.53   
-0.013  
-0.556  0.556   0.078   -0.605  
-0.016  0.001   0.008   -0.008  
