-0.019  
-0.238  
-0.036  
-0.35  
-0.18  
-0.073  
-0.022  
-0.23  
-0.032  0.025   0.0 -0.073 
-0.02   
-0.521  0.154   0.181   0.144   0.0 -0.214  0.0 0.0 0.027   0.0 -0.027  0.0 0.0 0.0 0.109   -0.109  
-0.472  0.205   0.0 -0.057  
-0.524  
-0.034  0.034   0.018   -0.05   
-4.394  
-0.013  
-0.283  
-0.032  
-0.018  0.002   0.014   -0.014  
-0.024  
-0.288  
-0.035  0.009   0.021   -0.021  
-0.016  
-3.655  3.655   6.394   -7.77   
-0.018  
-0.042  0.018   0.0 -0.011  
-0.102  
-0.016  
-0.045  
-0.36  
-0.07   
-0.058  0.058   0.155   -0.234  
-0.22  
-0.024  
-0.02   0.002   0.047   -0.047  
-0.283  
-0.039  
-0.039  
-0.014  
-0.21  
-0.093  
-0.232  0.232   0.522   -1.028  
-0.282  0.142   0.042   -0.042  
-0.088  
-0.03   0.016   0.0 -0.02   
-0.014  
-0.179  
-0.033  
-0.14    
-0.019  
-0.461  0.159   0.0 -5.278  
-0.188  
-0.022  
-0.28  
-0.07   
-0.146  
-0.108  0.076   0.137   -0.137  
-0.061  
-0.02   
-0.5   
