-0.038
-0.068  0.031   0.008   -0.008  
-0.07  
-0.067  0.026   0.034   -0.034  
-0.05   
-0.4    
-0.015  
-0.017  
-1.193  0.848   0.0 -0.284  
-0.018  
-0.149  
-0.023  
-0.022  
-0.178  
-0.024  
-0.017  
-0.195  0.093   0.108   -0.108  
-0.214  
-0.023  
-0.045  0.045   3.974   -6.235  
-0.035  
-0.059  0.021   0.0 -0.007  
-0.015  
-0.059  
-0.09   
-0.193  0.108   0.0 -0.015  
-0.036  
-10.456 6.758   6.43    -6.43   
-0.022  
-0.02   
-0.039  
-0.016  
-0.015  
-0.015  
-0.174  0.092   0.0 -0.051  
-0.021  0.002   0.016   -0.016  
-0.334  
-0.014  
-0.878  0.571   0.0 -0.283  
-0.084  
-0.272  0.176   0.113   -0.113  
-0.223  0.15    0.0 -0.164  
-0.132  0.026   0.0 -0.004  
-0.087  
-0.06   0.031   0.0 -0.017  
-0.159  0.085   0.0 -0.034  
-1.399  0.944   0.497   -0.497  
-0.115  
-0.038  
-0.09   
-0.016  
-0.025  
-0.22   
-0.084  0.001   0.034   0.037   0.0 -0.005  0.0 0.005   0.0 0.0 -0.026  0.026   0.0 0.0 0.0 -0.008  
-0.1  
-0.016	
-0.076	0.05	0.0	-0.035	
-0.22	
-0.016	
-0.119	0.096	0.129	-0.129	



[0, 1, 2, 3, 4, 5, 6, 7, 8, 9, 10, 11, 12, 13, 14, 15, 16, 17, 18, 19, 20, 21, 22, 23, 24, 25, 26, 27, 28, 29, 30, 31, 32, 33, 34, 35, 36, 37, 38, 39]
{{}, {}, {}, {}, {}, {}, {}, {}, {}, {}, {}, {}, {5, 7}, {}, {}, {4}, {}, {}, {5, 7, 9, 14}, {}, {}, {}, {}, {}, {}, {}, {}, {}, {}, {}, {}, {}, {}, {}, {}, {}, {}, {}, {}, {}}


{{}, {21, 22, 23, 24, 25, 26, 27, 30, 31, 32, 33, 34, 35, 37, 38}, {}, {21, 32, 35}, {21, 23, 30, 31, 32, 33, 34, 35, 38}, {23, 30, 33, 38}, {21, 23, 30, 31, 32, 34, 38}, {23, 30, 33, 34, 38}, {21}, {23, 30, 38}, {20, 21, 23, 24, 26, 30, 32, 35, 38, 39}, {21, 23, 30, 31, 32, 34, 35, 38}, {23}, {}, {21, 22, 23, 24, 30, 31, 32, 33, 34, 35, 38}, {21, 23, 30, 31, 32, 33, 34, 35, 38}, {}, {21, 24, 32, 35}, {23}, {21, 24, 32, 35}}
