-0.012  
-0.76  
-0.015  
-0.066  
-0.017  
-0.049  
-0.45  
-0.051  
-0.023  
-0.16  
-0.195  0.078   0.104   0.005   0.0 -0.119  0.0 0.0 0.0 0.0 -0.116  0.116   0.0 0.124   0.0 -0.124  
-0.439  0.439   0.093   -0.323
-0.042  0.018   0.0 -0.011  
-0.102  
-0.016  
-0.045  
-0.36  
-0.07   
-0.058  0.058   0.155   -0.234  
-0.22  
-0.024  
-0.02   0.002   0.047   -0.047  
-0.283  
-0.039  
-0.039  
-0.014  
-0.21  
-0.022  
-0.214   
-0.151  
-0.054  
-0.021  
-0.07   0.003   0.061   -0.061  
-0.27   
-0.03   
-0.013  
-0.108  0.046   0.052   -0.052  
-0.013  
-0.223  
-0.74   0.74    0.495   -1.556  
-0.097  0.041   0.0 -0.046  
-0.079  
-0.14  
-0.05   0.035   0.015   0.0 0.021   -0.057  0.0 0.006   0.0 0.055   -0.055  0.0 0.0 0.0 0.0 -0.056  
-0.363  
-0.086  0.069   0.0 -0.015  
-0.705  0.679   1.421   -1.421  
-0.016      
-0.107  
-0.013  
-0.503  0.171   0.149   0.048   0.214   -0.214  0.0 0.0 0.0 0.129   -0.129  0.0 0.0 0.0 0.028   -0.028  
-0.059  
-0.196  0.145   0.101   -0.101  
-0.052    
-0.023  
-0.017  
-0.242  
-4.055  
-0.015
-0.027  
