-0.196	0.163	0.0	-0.065	
-0.063	0.033	0.028	-0.028	
-0.024	
-0.16	
-0.053	
-0.151	
-0.054	
-0.021	
-0.07	0.003	0.061	-0.061	
-0.27	
-0.03
-0.017  0.007   0.0 -0.026  
-0.021  
-0.16   
-0.24   
-0.067  
-1.835  0.918   0.017   -0.017  
-0.014  
-0.05   
-0.026  
-0.043  0.043   0.072   -0.131  
-0.17   
-0.024
-0.054  
-0.16   0.106   0.105   -0.105  
-0.018  0.002   0.0 -0.011  
-0.03   
-0.015  
-0.08   0.005   0.0 -0.167  
-1.03   
-0.3    
-0.444  0.319   0.222   -0.222  
-0.181  0.024   0.034   0.101   0.0 -0.103  0.0 0.0 0.064   0.0 -0.064  0.0 0.0 0.022   0.0 -0.022  
-0.057  
-0.15   
-0.5    
-0.027  
-0.72   
-0.057  
-0.08   
-0.453  
-0.506  0.124   0.149   0.031   0.0 -0.223  0.223   0.0 0.203   0.0 -0.203  0.0 0.0 0.067   0.0 -0.067  
-0.016  
-0.15   
-0.5    
-0.021  
-0.107  
-0.013  
-0.503  0.171   0.149   0.048   0.214   -0.214  0.0 0.0 0.0 0.129   -0.129  0.0 0.0 0.0 0.028   -0.028  
-0.059  
-0.196  0.145   0.101   -0.101  
-0.052  
-0.016  0.002   0.0 -0.009  
-0.041  0.036   0.0 -0.021  
-0.061  0.005   0.0 -0.06   
-0.4
-0.049  0.014   0.01    -0.01   
-0.022  
-0.028  0.014   0.0 -0.019  
-0.153  
