-0.01   
-0.011  
-0.013  
-0.033  
-0.011  
-0.2    
-0.015  
-0.05   
-0.111  
-0.022  
-0.017  
-0.014  
-0.012  
-0.1    
-0.011  
-0.01   
-0.012  
-0.017  
-0.033  0.0 0.02    0.0 0.039   -0.052  0.0 0.013   0.0 0.056   -0.081  0.0 0.0 0.064   0.0 -0.064  
-0.031  0.016   0.0 -0.009  
-0.025  
-0.012  
-0.015  
-0.083  
-0.011  
-0.013  
-0.107  0.005   0.057   0.016   0.0 -0.056  0.0 0.0 0.023   0.0 -0.023  0.0 0.0 0.062   0.0 -0.062  
-0.017  
-0.05   
-0.015  
-0.25   
-0.011  
-0.011  
-0.031  0.026   0.0 -0.024  
-0.013  
-0.038  
-0.029  
-0.018  
-0.017  
-0.045  
-0.03   0.009   0.023   -0.023  
-0.015  
-0.111  
-0.014  
-0.013  
-0.033  
-0.07   0.037   0.0 -0.036  
-0.018  
-0.022  
-0.015  
-0.037  
-0.034  
-0.237  0.042   0.017   0.075   0.0 -0.051  0.051   0.0 0.045   0.0 -0.045  0.0 0.0 0.069   0.0 -0.069  
-0.016  
-0.011  
-0.048  
-0.023  0.02    0.0 -0.026  
-0.014  
-25.497 10.033  2.227   10.851  2.56    -2.56   0.0 0.0 5.401   0.0 -5.401  0.0 0.0 0.0 4.923   -4.923  
-0.016  
-0.05   
-0.015  
-0.091  
-0.014  
-0.02   
-0.036  
-0.083  
-0.083  
-0.019  
-0.014  
-0.019  0.006   0.0 -0.017  
-0.05   
-0.119  0.071   0.107   -0.107  
-0.015  
-0.038  
-0.018  
-0.012  
-0.023  
-0.077  
-0.013  
-0.038  
-0.1    
-0.027  0.023   0.0 -0.024  
-0.193  0.092   0.027   -0.027  
-0.016  
-0.036  
-0.059  
-0.014  
-0.091  
-0.067  
-0.018  
-0.033  
-0.019  
-0.011  
-0.011  
-0.022  
-0.111  0.04    0.012   0.02    0.0 -0.016  0.0 0.0 0.0 0.0 -0.004  0.004   0.035   0.0 0.0 -0.035  
-0.167  
-0.065  0.049   0.0 -0.016  
-0.013  
-0.062  
-0.026  
-0.02   
-0.188  0.136   0.035   -0.035  
-0.014  
-0.014  
-0.042  0.02    0.0 -0.014  
-0.011  
-0.015  
-0.012  
-0.067  
-0.052  0.019   0.123   -0.123  
-0.011  
-0.031  
-0.032  
-0.017  
-0.062  
-0.032  
-0.018  
-0.012  
-0.024  
-0.154  0.031   0.025   0.045   0.0 -0.013  0.0 0.0 0.0 0.0 -0.01   0.0 0.0 0.0 0.0 -0.021  
-0.031  
-0.143  
-0.012  
-0.01   
-0.5    
-0.05   
-0.026  
-0.011  
-0.026  
-0.048  
-0.013  
-0.026  0.008   0.063   -0.063  
-0.022  0.022   0.001   -0.025  
-0.014  
-0.074  0.032   0.0 -0.005  
-0.033  
-0.029  0.017   0.0 -0.04   
-1.08   0.442   0.147   0.318   0.0 -0.467  0.0 0.0 0.0 0.036   -0.036  0.0 0.251   0.0 0.0 -0.251  
-0.013  
-28.174 0.0 3.595   24.579  38.217  -57.16  0.0 0.0 20.972  36.387  -57.359 0.0 0.0 0.0 0.1 -0.1    
-0.012  
-0.013  
-0.014  
-0.014 
-0.011  
-0.01   
-0.111  
-0.02   
-0.03   
-0.059  
-0.01   
-0.019  
-0.037  
-0.019  
-1.023  0.107   0.0 0.474   0.152   -0.583  0.0 0.0 0.234   0.0 -0.234  0.0 0.0 0.0 0.084   -0.084  
-0.014  
-0.054  0.022   0.011   -0.011  
-0.023  
-0.073  0.024   0.004   0.022   0.0 -0.015  0.0 0.0 0.006   0.0 -0.006  0.0 0.0 0.0 0.0 -0.007  
-0.125  
-1.0    
-0.162  0.053   0.041   0.0 0.034   -0.041  0.0 0.007   0.0 0.052   -0.052  0.0 0.0 0.0 0.093   -0.093  
-0.033  
-0.053  
-0.2    
-0.011  
-0.013  
-0.011  
-0.017  
-0.013  
-0.05   
-0.012  
-0.024  
-0.05   
-0.01   
-1.213  0.132   0.358   0.389   0.0 -0.474  0.474   0.0 0.133   0.0 -0.133  0.0 0.0 0.054   0.0 -0.054   
-0.011  
-0.448  0.171   0.128   0.135   0.0 -0.32   0.0 0.0 0.064   0.0 -0.064  0.0 0.026   0.0 0.0 -0.026  
-0.029  
-0.012  
-0.011  
-0.125  
-0.111  
-0.037  
-0.034  
-0.011  
-0.034  
-0.033  
-0.034  
-0.015  
-0.048  
-0.05   
-0.013  
-0.024  
-0.022  
-0.012  
-2.353  2.353   2.728   -2.954  
-0.616  0.085   0.026   -0.026  