-0.1    
-0.014  
-0.014  
-0.125  
-0.01   
-0.013  
-0.014  
-0.016  
-0.5    
-0.024  
-0.014  
-0.292  0.129   0.092   0.012   0.087   -0.087  0.0 0.0 0.0 0.084   -0.084  0.0 0.0 0.1 0.0 -0.1    
-0.036  0.011   0.0 -0.028  
-0.083  
-0.016  
-0.5    
-0.047  0.047   0.029   -0.051  
-0.25   
-0.012  
-0.547  0.439   0.058   -0.058  
-0.013  0.009   0.0 -0.162  
-0.05   
-0.015  
-0.022  
-0.542  0.465   0.0 -0.207  
-0.011  
-0.01   
-0.134  0.095   0.117   -0.117  
-0.021  
-0.016  
-0.167  
-0.018  
-0.018  
-0.011  
-0.014  
-0.034  
-0.014  
-0.022  0.013   0.0 -0.018  
-0.018  
-0.03   
-0.022  
-0.025  
-0.02   
-0.195  0.073   0.043   0.02    0.0 -0.065  0.0 0.0 0.0 0.0 -0.05   0.0 0.0 0.025   0.0 -0.025  
-0.039  0.0 0.028   0.0 0.0 -0.079  0.0 0.046   0.0 0.056   -0.067  0.0 0.025   0.0 0.0 -0.025  
-0.25   
-0.121  0.001   0.008   0.047   0.0 -0.091  0.0 0.091   0.0 0.0 -0.022  0.022   0.013   0.0 0.0 -0.013  
-0.032  
-0.011  
-0.01   
-0.02   
-0.014  
-0.01   
-0.049  0.025   0.0 -0.007  
-0.135  0.087   0.0 0.0 0.105   -0.225  0.066   0.0 0.0 0.0 -0.043  0.043   0.03    0.0 0.0 -0.03   
-0.059  
-0.028  
-0.2    
-0.062  
-0.013  
-0.148  0.123   0.116   -0.116  
-0.02   
-0.01   
-0.045  0.02    0.0 -0.01   
-0.023  
-0.012  
-0.024  
-0.024  
-0.023  
-0.022  
-0.016  
-0.029  
-0.02   
-0.045  
-0.062  
-0.022  
-0.071  
-0.019  
-0.018  
-1.396  0.261   0.539   0.596   0.0 -0.878  0.68    0.0 0.0 0.0 -0.579  0.0 0.197   0.0 0.0 -0.197  
-0.524  0.372   0.064   -0.064  
-0.017  
-0.05   
-0.333  
-0.189  0.066   0.0 0.064   0.0 -0.217  0.102   0.0 0.036   0.0 -0.036  0.0 0.0 0.055   0.0 -0.055  
-0.096  0.096   0.165   -0.232  
-0.021  0.006   0.028   -0.028  
-0.143  
-0.048  
-0.016  
-0.021  
-0.028  
-0.2    
-0.021  
-0.016  
-0.048  
-0.125  
-0.141  0.0 0.115   0.0 0.0 -0.268  0.0 0.115   0.025   0.08    -0.105  0.0 0.117   0.0 0.0 -0.117  
-0.013  
-0.011  
-0.02   
-0.025  
-0.012  
-0.02   
-0.012  
-0.01   
-0.013  
-0.016  0.009   0.0 -0.029  
-0.011  
-0.032  
-0.029  
-0.2    0.1 0.0 0.034   0.094   -0.162  0.0 0.0 0.0 0.0 -0.009  0.0 0.0 0.0 0.009   -0.009  
-0.333  
-0.062  
-0.018  
-1.0    
-0.083  
-0.059  
-0.071  
-0.014  
-1.692  0.0 0.677   1.016   0.589   -3.188  1.063   0.0 0.519   0.0 -0.519  0.0 0.0 0.054   0.0 -0.054  
-0.017  
-0.011  
-0.048  
-0.027  
-0.011  
-0.014  
-0.042  
-0.012  
-0.039  0.025   0.0 -0.015  
-0.014  
-0.02   
-0.326  0.191   0.0 -0.149  
-0.25   
-0.012  
-0.01   
-0.021  
-0.012  
-0.083  
-0.083  
-0.019  
-0.014  
-0.012  
-0.167  
-0.02   
-0.017  
-0.011  
-0.011  
-0.012  
-0.077  
-0.027  
-0.071  0.0 0.04    0.031   0.156   -0.297  0.142   0.0 0.0 0.053   -0.129  0.0 0.0 0.0 0.034   -0.034  
-0.083  
-0.026  0.026   0.02    -0.058  
-0.023  
-0.062  
-0.013  
-0.012  
-0.036  
-0.011  
-0.022  
-0.067  
-0.016  
-0.013  
-0.028  
-0.036  
-0.177  0.052   0.052   -0.052  
-0.015  0.009   0.0 -0.022  
-0.031  
-0.022  
-0.043  
-0.048  
-1.0    
-0.024  0.024   0.0 -0.07   
-0.036  
-0.021  
-0.167  
-4.014  1.494   0.868   0.874   0.0 -1.498  0.0 0.0 0.0 0.508   -0.508  0.0 0.0 0.0 0.608   -0.608  
-0.067  
-0.027  
-0.011  
-0.017  
-0.013  
-0.012  
-0.17   0.006   0.0 -0.032  
-0.024  
-0.018  
-0.011  
-0.257  0.069   0.057   0.131   0.0 -0.194  0.0 0.088   0.0 0.222   -0.222  0.0 0.0 0.201   0.0 -0.201  
-0.048  0.017   0.0 -0.013  
-0.018  
-0.091  
-0.042  0.008   0.0 -0.022  
-0.016  
-0.022  
-0.139  0.041   0.0 -0.003  
-0.018  
-0.03   
-0.011  
-0.243  0.038   0.205   0.0 0.177   -0.469  0.0 0.12    0.0 0.037   -0.037  0.0 0.0 0.0 0.0 -0.179  