-0.013  
-0.091  
-0.04   
-0.062  
-0.11   0.018   0.038   -0.038  
-0.011  
-0.013  
-0.028  0.02    0.0 0.0 0.0 -0.087  0.027   0.039   0.0 0.0 -0.032  0.0 0.0 0.0 0.0 -0.011  
-0.036  
-0.094  0.016   0.003   -0.003  
-0.042  
-0.04   0.04    0.032   -0.082  
-0.013  
-0.026  
-0.313  0.18    0.0 0.0 0.042   -0.095  0.017   0.036   0.0 0.145   -0.145  0.0 0.069   0.0 0.0 -0.069  
-0.036  
-0.011  
-0.031  
-0.011  
-0.022  
-0.043  
-0.048  
-1.0    
-0.012  
-0.036  
-0.011  
-7.558  2.665   1.874   0.38    0.236   -0.236  0.0 0.0 0.0 0.0 -0.011  0.011   1.134   0.0 0.0 -1.134  
-0.015  
-0.011  
-0.011  
-0.031  0.029   0.0 -0.045  
-0.25   
-0.01   
-0.017  
-0.016  
-0.022  
-0.017  
-0.011  
-0.561  0.145   0.0 -0.015  
-0.01   
-0.077  
-0.077  
-0.143  
-0.04   
-0.023  
-0.029  
-0.021  
-0.014  
-0.067  
-0.011  
-0.678  0.633   0.319   -0.319  
-0.014  
-0.022  
-0.01   
-0.039  0.012   0.031   -0.031  
-0.03   0.018   0.0 -0.014  
-0.016  
-0.297  0.297   0.155   -0.299  
-0.133  0.052   0.065   0.011   0.0 -0.018  0.0 0.0 0.0 0.05    -0.05   0.0 0.0 0.0 0.04    -0.04   
-0.021  
-0.092  0.058   0.033   -0.033  
-0.25   
-0.04   0.005   0.0 -0.007  
-0.011  
-0.029  0.029   0.005   -0.035  
-0.082  0.082   0.137   -0.233  
-0.015  
-0.02   0.01    0.0 -0.01   
-0.072  0.05    0.0 -0.036  
-0.083  
-0.017  
-0.012  
-0.023  
-0.042  
-0.025  0.014   0.0 -0.01   
-0.701  0.265   0.358   -0.358  
-0.024  
-0.01   
-0.036  
-0.042  
-0.02   
-0.033  0.025   0.0 -0.03   
-0.048  
-0.011  
-0.012  
-0.039  0.039   0.084   -0.153  
-0.041  0.035   0.0 -0.013  
-0.125  
-0.111  
-0.037  
-0.034  
-0.027  
-0.042  
-5.098  1.241   1.736   1.141   0.0 -1.233  0.0 0.0 0.0 0.0 -0.191  0.0 0.0 0.349   0.0 -0.349  
-0.215  0.019   0.085   0.043   0.0 -0.042  0.0 0.0 0.071   0.0 -0.071  0.0 0.0 0.0 0.0 -0.09   
-0.013  
-0.015  
-0.044  0.016   0.017   -0.017  
-5.178  3.769   0.044   -0.044  
-1.47   0.851   0.079   -0.079  
-0.014  
-0.015  
-0.015  
-0.167  
-0.926  0.841   0.222   -0.222  
-0.015    
-0.086  0.019   0   -0.06                                               
-1.235                                                          
-0.041  0.041   0.004   -0.031                                              
-0.016                                                          
-0.04                                                           
-0.388  0.234   0.055   -0.055                                              
-0.16   0.128   0.2 -0.2                                                
-0.4    0.037   0.147   0.055   0   -0.175  0   0.175   0.172   0   -0.172  0   0.049   0   0   -0.049
-0.021                                                          
-0.21                                                           
-0.108                                                          
-0.16   0.055   0.075   -0.075                                              
-0.3                                                            
-0.063  0.037   0   -0.041                                              
-0.015                                                          
-0.37   0.207   0.032   -0.032                                              
-2.15                                                           
-0.063  0.008   0   -0.022                                              
-0.082                                                          
-0.128  0.074   0.064   -0.064                                              
-0.092  0.092   0.079   -0.127  
-0.016  
-0.014  
-0.196  0.196   0.133   -0.279  
-0.1    0.074   0.126   -0.126  
-0.472  
-0.122  
-0.022  0.002   0.0 -0.006  
-0.017  
-1.587  0.288   0.054   -0.054  
-0.02   
-0.515  0.283   0.0 -0.041  
-0.016  
-0.081  
-0.585  0.498   0.488   -0.488  
-0.252  
-1.431  1.097   0.0 -0.011  
-0.042  
-0.054  
-0.08   
-0.161  0.064   0.046   -0.046  
-0.073  
-156.277    0.0 144.514 11.763  115.056 -211.52 83.208  0.0 0.0 0.0 -27.328 27.328  0.0 150.815 0.0 -150.815    
-0.039  
-0.122  
-0.024  
-0.018  
-0.766  
-0.16   
-0.056  
-0.034  
-0.363  
-0.086  0.069   0.0 -0.015  
-0.705  0.679   1.421   -1.421  
-0.016  
-0.016  
-0.017  
-0.023  
-0.043  
-0.015  
-0.021  
-0.113  
-0.055  
-0.149  
-0.035  
-0.019  
-0.062  
-0.015  
-0.036  
-0.064  
-0.115  
-14.479 14.39   3.749   -3.749  
-0.072  
-0.09   0.029   0.013   -0.013  
-0.051  0.004   0.006   0.03    0.0 -0.031  0.0 0.0 0.0 0.009   -0.009  0.0 0.0 0.0 0.0 -0.025  
-0.052  
-0.19  
-0.023  
-0.024  
-0.229  
-0.038  
-0.25   
-0.011  
-0.25   
-0.011  
-0.071  
-0.014  
-0.019  
-1.027  0.599   0.524   -0.524  
-0.048  
-0.01   
-0.853  0.495   0.43    -0.43   
-0.059  
-0.056  
