-0.013  
-0.037  
-0.011  
-0.016  0.001   0.022   -0.022  
-0.062  0.062   1.959   -2.532  
-0.011  
-0.032  
-0.013  
-0.055  0.033   0.0 -0.008  
-0.034  
-0.043  
-0.013  
-0.018  
-0.056  0.016   0.0 -0.056  
-0.014  
-0.108  0.108   0.247   -0.422  
-0.026  0.004   0.011   -0.011  
-0.01   
-0.031  0.01    0.049   -0.049  
-0.04   
-0.01   
-0.026  
-0.012  
-0.013  
-0.019  0.004   0.0 -0.03   
-0.042  
-0.029  
-0.026  
-0.024  
-0.2  
-0.091  
-0.045  
-0.017  
-0.037  
-0.018  
-0.026  
-0.011  
-0.032  
-0.026  
-0.023  
-0.056  
-0.011  
-0.013  
-0.057  0.025   0.028   -0.028  
-0.012  
-0.012  
-0.017  
-0.095  0.032   0.044   0.009   0.0 -0.028  0.0 0.0 0.0 0.0 -0.039  0.039   0.0 0.0 0.0 -0.023  
-0.017  
-0.019  0.006   0.018   -0.018  
-0.022  
-0.026  0.024   0.0 -0.027  
-0.5    
-0.071  
-0.064  0.044   0.049   -0.049  
-0.047  0.012   0.021   0.002   0.0 -0.022  0.0 0.0 0.0 0.039   -0.039  0.0 0.0 0.0 0.036   -0.036  
-0.045  0.014   0.0 -0.011  
-0.143  
-0.089  0.032   0.035   -0.035  
-0.013  
-0.013	
-0.038	
-0.011	
-0.042	0.01	0.0	-0.019	
-0.077	
-0.04	
-0.091	
-0.024	
-0.023	
-0.011	
-0.017	
-0.015	0.001	0.0	-0.011	
-0.049	0.049	0.019	-0.073	
-0.077	
-0.05	
-0.042	
-0.019	
-0.014	
-0.023	
-0.026	
-0.011	
-0.012	
-0.013	
-0.012	
-0.011	
-0.011	
-0.044	0.014	0.0	-0.03	
-0.038	
-0.295	0.094	0.092	-0.092	
-0.07	0.035	0.061	-0.061	
-0.165	0.041	0.063	0.051	0.0	-0.04	0.0	0.0	0.0	0.033	-0.033	0.0	0.0	0.0	0.0	-0.006	
-1.788	1.788	0.517	-1.411	
-0.015	
-0.029	0.029	0.077	-0.212	
-0.033	
-0.012	
-0.011	
-0.034	
-0.033	
-0.034	
-0.022	0.009	0.046	-0.046	
-0.05	
-0.013	
-0.024	
-0.022	
-0.012	
-0.01	
-0.031	0.015	0.026	-0.026	
-0.1	
-0.051	0.026	0.0	-0.033	
-0.059	
-4.497	4.497	3.483	-3.711	
-2.808	0.841	0.951	0.228	0.0	-1.542	1.542	0.0	0.0	0.0	-0.016	0.0	0.0	0.0	0.0	-1.645	
-0.012	
-0.015	
-0.021	
-0.25	
-0.075	0.0	0.034	0.04	0.016	-0.072	0.035	0.0	0.0	0.033	-0.033	0.0	0.0	0.0	0.0	-0.035	
-0.056	
-0.033	
-0.286	0.252	0.198	-0.198	
-0.071	
-0.022	
-0.031	
-0.28	0.016	0.293	-0.293	
-0.02	
-0.071	
-0.033	
-0.25	
-0.037	
-0.05	
-0.093	0.05	0.015	-0.015	
-0.035	0.019	0.0	-0.052	
-0.02	
-0.012	
-0.012	
-0.015	
-0.017	
-0.106	0.038	0.0	-0.142	
-1.743	1.39	0.044	-0.044	
-0.023	0.011	0.0	-0.036	
-0.013	
-0.022	
-0.02	
-0.02	
-0.033	
-0.067	
-0.02   
-0.018  
-0.01   
-0.024  
-0.692  0.418   0.349   -0.349  
-0.013  
-0.012  
-0.134  0.07    0.013   -0.013  
-0.012  
-0.011  
-0.014  
-0.03   
-0.25  

 
-0.015  
-0.091  
-0.014  
-0.02   
-0.083  
-0.019  
-0.407  0.361   0.163   -0.163  
-0.014  
-0.05   
-0.029  
-0.015  
-0.038  
-0.018  
-0.012  
-0.023  
-0.077  
-0.013  
-0.059  
-0.038  
-0.214  0.138   0.0 -0.121  
-0.081  0.081   0.028   -0.096  
-0.011  
-0.038  0.009   0.028   -0.028  
-0.043  
-0.048  
-3.21   1.443   0.0 -0.653  
-0.012  
-0.555  0.351   0.034   -0.034  
-4.732  2.75    0.319   1.395   0.0 -0.486  0.0 0.0 0.0 0.0 -1.696  0.0 0.0 0.0 0.0 -0.011  
-0.011  
-0.014  
-0.367  0.038   0.069   0.087   0.0 -0.003  0.003   0.0 0.054   0.0 -0.054  0.0 0.0 0.0 0.0 -0.025  
-0.011  
-0.011  
-0.019  
-0.574  0.145   0.0 -0.112  
-0.01   
-0.017  