-0.049	0.015	0.0	-0.047	
-0.014	
-2.543	0.982	0.731	0.785	0.0	-0.115	0.0	0.0	0.0	0.0	-0.149	0.0	0.0	0.0	0.246	-0.246	
-0.018	
-0.011	
-0.324	0.137	0.0	0.102	0.106	-0.137	0.0	0.0	0.16	0.0	-0.16	0.0	0.0	0.0	0.14	-0.14	
-0.043	
-0.013	
-0.167	
-0.018	
-0.043	
-0.049	0.006	0.0	-0.002	
-0.056	0.033	0.0	-0.059	
-0.015	
-0.01	
-0.012	
-0.018	
-0.04	
-0.024	0.023	0.0	-0.018	
-0.119	0.069	0.021	-0.021	
-0.023	0.009	0.0	-0.012	
-0.017	
-8.744	1.446	3.559	2.129	0.0	-0.012	0.0	0.012	1.382	0.0	-1.382	0.0	0.0	0.0	0.0	-3.486	
-0.026	
-0.024	
-0.2	
-0.014	
-0.011	
-0.032	
-0.034	
-0.045	
-0.017	
-0.206	0.0	0.198	0.008	0.456	-0.818	0.144	0.219	0.0	0.485	-0.485	0.0	0.0	0.0	0.0	-0.472	
-0.156	0.156	0.048	-0.073	
-0.026	
-0.014	0.001	0.0	-0.005	
-0.032	
-0.139	0.055	0.025	-0.025	
-0.022	
-0.023	
-0.172	0.084	0.0	-0.04	
-0.033	
-0.011	
-0.013	
-0.017	
-0.015	0.005	0.0	-0.018	
-0.059	0.038	0.047	-0.047	
-0.017	
-0.028	0.012	0.0	-0.007	
-0.023	0.001	0.0	-0.02	
-0.106	0.005	0.0	-0.08	
-0.014	
-0.013	
-0.05	0.023	0.0	-0.007	
-0.011	
-0.028	0.028	0.066	-0.136	
-0.5	
-0.333	
-0.011	
-0.071	
-0.085	0.014	0.062	-0.062	
-0.011	
-0.056	
-0.037	
-0.185	0.057	0.048	-0.048	
-0.077	
-0.125	
-0.048	
-0.038	
-0.012	
-0.082	0.009	0.858	-0.858	
-0.011	
-0.048	
-0.285	0.145	0.14	0.0	0.0	-0.388	0.069	0.015	0.0	0.18	-0.18	0.0	0.0	0.0	0.0	-0.116	
-0.16	0.072	0.0	-0.051	
-0.011	
-0.1	
-0.01	
-0.012	
-0.125	
-0.022	
-0.167	
-0.024	
-0.014	
-0.056	
-0.053	0.049	0.0	-0.027	
-0.336	0.274	0.0	0.0	0.0	-0.226	0.094	0.132	0.064	0.0	-0.286	0.222	0.0	0.0	0.0	-0.029	
-6.312	3.728	0.895	-0.895	
-1.373	0.783	0.0	-0.448	
-0.5	
-0.022  
-0.017  
-0.651  0.318   0.951   -0.951  
-0.017  
-0.021  
-0.012  
-0.167  
-0.019  
-0.071  0.001   0.024   -0.024  
-0.01   
-0.014  
-0.023  
-0.016  
-0.036  
-0.311  0.05    0.0 -0.012  
-0.014  
-0.091  
-0.016  
-0.067  
-0.018  
-0.019  
-0.011  
-0.929  0.153   0.152   0.409   0.0 -0.013  0.0 0.0 0.037   0.0 -0.037  0.0 0.0 0.0 0.156   -0.156  
-0.146  0.001   0.064   0.073   0.0 -0.038  0.038   0.0 0.0 0.0 -0.012  0.012   0.0 0.0 0.0 -0.02   
-0.016  
-0.05   0.011   0.0 -0.004  
-0.026  
-0.02   
-0.037  0.009   0.0 0.01    0.026   -0.044  0.0 0.0 0.025   0.0 -0.025  0.0 0.0 0.0 0.024   -0.024  
-0.014  
-0.038  
-0.011  
-0.298  0.152   0.013   0.0 0.0 -0.081  0.029   0.053   0.0 0.0 -0.148  0.0 0.0 0.077   0.0 -0.077  
-0.077  
-0.042  0.002   0.0 -0.043  
-0.024  
-0.02   
-0.023  
-0.083  
-0.011  
-0.014  
-0.059  
-0.012  
-0.022  
-0.077  
-0.05   
-0.042  
-0.014  
-0.041  0.011   0.04    -0.04   
-0.026  
-0.011  
-0.012  
-0.013  
-0.011  
-0.03   
-0.038  
-0.1    
-0.581  0.363   0.0 -0.146  
-0.011  
-0.5    
-0.015  
-0.041  0.028   0.0 -0.018  
-0.014  
-0.016  
-0.898  0.482   0.0 -0.019  
-0.012  
-0.011  
-0.033  
-0.034  
-0.011  
-0.048  
-0.097  0.035   0.149   -0.149  
-0.013  
-0.024  
-0.022  
-0.084  0.053   0.031   0.0 0.045   -0.094  0.0 0.0 0.008   0.0 -0.057  0.049   0.04    0.0 0.0 -0.04   
-0.011  
-0.1    
-0.029  
-0.059  
-0.125  
-0.043  
-0.024  
-0.02   0.017   0.0 -0.026  
-0.015  
-0.021  
-0.25   
-0.012  
-0.014  
-0.056  
-0.033  
-0.015  
-0.022  
-0.031  
-0.25   
-0.02   
-0.071  
-0.033  
-0.25   
-0.176  0.105   0.114   -0.114  
-0.01   
-0.011  
-0.026  
-0.02   
-0.012  
-0.012  
-0.015  
-0.017  
-0.083  
-0.011  