-0.038  
-0.011  
-0.298  0.152   0.013   0.0 0.0 -0.081  0.029   0.053   0.0 0.0 -0.148  0.0 0.0 0.077   0.0 -0.077  
-0.077  
-0.042  0.002   0.0 -0.043  
-0.024  
-0.02   
-0.023  
-0.083  
-0.011  
-0.014  
-0.059  
-0.012  
-0.022  
-0.077  
-0.05   
-0.042  
-0.014  
-0.041  0.011   0.04    -0.04   
-0.026  
-0.011  
-0.012  
-0.013  
-0.013  
-0.037  
-0.011  
-0.016  0.001   0.022   -0.022  
-0.013  
-0.055  0.033   0.0 -0.008  
-0.034  
-0.043  
-0.013  
-0.018  
-0.056  0.016   0.0 -0.056  
-0.014  
-0.108  0.108   0.247   -0.422  
-0.026  0.004   0.011   -0.011  
-0.01   
-0.031  0.01    0.049   -0.049  
-0.04   
-0.01   
-0.026  
-0.012  
-0.013  
-0.019  0.004   0.0 -0.03   
-0.042  
-0.029  
-0.026  
-0.024  
-0.2    
-0.062  0.062   1.959   -2.532  
-0.011  
-0.032  
-0.091  
-0.045  
-0.017  
-0.037  
-0.018  
-0.026  
-0.011  
-0.032  
-0.026  
-0.023  
-0.056  
-0.011  
-0.013  
-0.057  0.025   0.028   -0.028  
-0.012  
-0.012  
-0.017  
-0.095  0.032   0.044   0.009   0.0 -0.028  0.0 0.0 0.0 0.0 -0.039  0.039   0.0 0.0 0.0 -0.023  
-0.017  
-0.019  0.006   0.018   -0.018  
-0.022  
-0.026  0.024   0.0 -0.027  
-0.5    
-0.071  
-0.064  0.044   0.049   -0.049  
-0.047  0.012   0.021   0.002   0.0 -0.022  0.0 0.0 0.0 0.039   -0.039  0.0 0.0 0.0 0.036   -0.036  
-0.045  0.014   0.0 -0.011  
-0.143  
-0.089  0.032   0.035   -0.035  
-0.013  
-0.081  0.081   0.028   -0.096  
-0.011  
-0.038  0.009   0.028   -0.028  
-0.043  
-0.048  
-3.21   1.443   0.0 -0.653  
-0.012  
-0.555  0.351   0.034   -0.034  
-4.732  2.75    0.319   1.395   0.0 -0.486  0.0 0.0 0.0 0.0 -1.696  0.0 0.0 0.0 0.0 -0.011  
-0.011  
-0.014  
-0.367  0.038   0.069   0.087   0.0 -0.003  0.003   0.0 0.054   0.0 -0.054  0.0 0.0 0.0 0.0 -0.025  
-0.011  
-0.011  
-0.019  
-0.574  0.145   0.0 -0.112  
-0.01   
-0.017  
-0.016  
-0.022  
-0.04   
-0.048  0.035   0.0 -0.01   
-0.348  0.249   0.0 -0.044  
-0.013  0.0 0.002   -0.002  
-0.01   
-0.077  
-0.077  
-0.143  
-0.04   
-0.023  
-0.143  
-0.021  
-0.056  0.016   0.009   -0.009  
-0.084  0.022   0.0 -0.087  
-0.028  0.028   0.052   -0.103  
-0.015  
-0.091  
-0.225  0.168   0.0 0.056   0.0 -0.241  0.188   0.05    0.0 0.0 -0.034  0.0 0.0 0.0 0.012   -0.012  
-0.022  
-0.01   
-0.021  0.001   0.0 -0.019  
-0.03   
-0.013  
-0.01   
-0.335  0.335   1.372   -3.908  
-0.016  
-0.071  
-0.014  
-0.021  
-0.012  
-0.25   
-0.041  0.027   0.0 -0.033  
-0.011  
-0.095  0.04    0.009   -0.009  
-0.096  0.033   0.0 -0.052  
-0.116  0.113   0.0 -0.012  
-0.034  0.018   0.139   -0.139  
-0.25   
-0.011  
-0.028  0.028   0.067   -0.126  
-0.011  
-0.03   
-0.038  
-0.1    
-0.581  0.363   0.0 -0.146  
-0.011  
-0.5    
-0.015  
-0.041  0.028   0.0 -0.018  
-0.014  
-0.016  
-0.898  0.482   0.0 -0.019  
-0.012  
-0.011  
-0.033  
-0.034  
-0.011  
-0.048  
-0.097  0.035   0.149   -0.149  
-0.013  
-0.024  
-0.022  
-0.084  0.053   0.031   0.0 0.045   -0.094  0.0 0.0 0.008   0.0 -0.057  0.049   0.04    0.0 0.0 -0.04   
-0.011  
-0.1    
-0.029  
-0.059  
-0.125  
-0.043  
-0.024  
-0.02   0.017   0.0 -0.026  
-0.015  
-0.021  
-0.25   
-0.012  
-0.014  
-0.056  
-0.033  
-0.015  
-0.022  
-0.031  
-0.25   
-0.02   
-0.071  
-0.033  
-0.25   
-0.176  0.105   0.114   -0.114  
-0.01   
-0.011  
-0.026  
-0.02   
-0.012  
-0.012  
-0.015  
-0.017  
-0.083  
-0.011  
