-0.02                                                           
-0.521  0.154   0.181   0.144   0   -0.214  0   0   0.027   0   -0.027  0   0   0   0.109   -0.109
-0.472  0.205   0   -0.057                                              
-0.524                                                          
-0.035  0.005   0   -0.005                                              
-0.394                                                          
-0.85                                              
-0.049  0.015   0   -0.015                                              
-0.034  0.034   0.02    -0.064                                              
-0.018  0.002   0.014   -0.014                                              
-0.024                                                          
-0.118  0.002   0   -0.033                                              
-0.282  0.142   0.042   -0.042                                              
-0.27   0.14    0.081   -0.081                                              
-0.03   0.016   0   -0.02                                               
-0.057  0.026   0   -0.025                                              
-0.179                                                          
-0.033                                                          
-0.595  0.362   0   -0.184                                              
-0.013                                                          
-0.481  0.373   0.413   -0.413                                              
-0.232  0.232   0.522   -1.028                                              
-4.394  
-0.013  
-0.283  
-0.032  
-0.018  0.002   0.014   -0.014  
-0.024  
-0.093  
-0.232  0.232   0.522   -1.028  
-0.282  0.142   0.042   -0.042  
-0.088      


{{}, {}, {1, 3}, {}, {}, {3}, {3}, {}, {}, {}, {}, {}, {}, {}, {}, {}}

{{13}, {}, {}, {10, 15}, {13}, {}, {}, {}}
