-0.161  0.064   0.046   -0.046                                              
-0.073                                                          
-0.987  0.806   0.181   0   0   -1.785  0.649   0.407   0.609   0   -0.609  0   0   0   0.427   -0.427
-0.039                                                          
-0.03   0.014   0   -0.011                                              
-0.126  0.07    0.056   -0.056                                              
-0.031                                                          
-0.134  0.019   0   -0.031                                              
-0.07   0.046   0   -0.031                                              
-0.03   0.014   0   -0.011                                              
-0.184                                                          
-0.031                                                          
-0.153  0.106   0   -0.051                                              
-0.07   0.046   0   -0.031                                              
-0.705  0.679   1.421   -1.421                                              
-0.016                                                          
-0.16                                                           
-0.017                                                          
-0.086  0.069   0   -0.015                                              
-0.023                                                          
-0.5                                                            
-0.118  0.085   0.059   -0.059                                              
-0.024  
-0.18  
-0.766  
-0.043  
-0.16   
-0.056  
-0.034  
-0.363  
-0.705  0.679   1.421   -1.421  
-0.016  



{{}, {}, {}, {5}, {}, {}, {}, {}, {}, {}, {}, {}, {}, {}, {}, {}}
{{11}, {11, 14}, {}, {11}, {9, 11, 15}, {11, 13, 14}, {11, 14}, {9}}
