-0.138  0.037   0.009   -0.009                                              
-0.07                                                           
-0.087                                                          
-0.06   0.031   0   -0.017                                              
-0.159  0.085   0   -0.034                                              
-1.399  0.944   0.497   -0.497                                              
-0.097  0.072   0   -0.03                                               
-0.038                                                          
-0.09                                                           
-0.016                                                          
-0.025                                                          
-0.22                                                           
-0.084  0.001   0.034   0.037   0   -0.005  0   0.005   0   0   -0.026  0.026   0   0   0   -0.008
-0.1                                                            
-1.99   1.99    9.445   -20.964                                             
-0.018                                                          
-0.251  0.082   0.151   -0.151                                              
-0.164  0.122   0   -1.906                                              
-0.495  0.382   0.411   -0.411                                              
-0.093  0.093   0.046   -0.077                                              
-0.044  0.025   0   -0.026                                              
-0.686  0.61    0.512   -0.512                                              
-0.14       
-0.015  
-0.756  
-0.021  
-0.4  
-0.096  
-0.013  
-0.3  
-0.262  
-0.051  



{{7}, {}, {1, 4}, {}, {}, {4}, {0, 1, 3, 4, 7}, {}, {}, {}, {}, {}, {}, {}, {}, {}}


{{14}, {10, 14}, {14}, {14}, {9, 10, 14}, {14}, {}, {8, 10, 12, 13, 14, 15}}
