-0.07   0.046   0   -0.031                                              
-0.078  0.078   0.925   -1.369                                              
-0.052  0.026   0   -0.027                                              
-0.395  0.119   0.205   -0.205                                              
-0.123  0.067   0   -0.14                                               
-0.014                                                          
-0.13                                                           
-0.392  0.221   0.031   -0.031                                              
-0.187                                                          
-1.022                                                          
-0.047  0.014   0   -0.032                                              
-0.04                                                           
-0.024  0.024   0.049   -0.504                                              
-0.013                                                          
-0.081  0.063   0   -0.117                                              
-0.029                                                          
-0.077  0.034   0   -0.007                                              
-0.148  0.038   0   -0.08                                               
-0.052  0.041   0   0.01    0   -0.068  0.007   0   0   0   -0.072  0.032   0   0   0.064   -0.064
-0.363  0.115   0.059   0.125   0   -0.096  0.096   0   0   0   -0.019  0   0   0   0.101   -0.101
-0.033  0.024   0   -0.017                                              
-0.122                                                          
-0.024                                                          
-0.18                                                           
-0.766                                                          
-0.556  0.556   0.078   -0.605                                              
-0.1                                                            
-0.056                                                          
-0.034                                                          
-0.363                                                          
-0.086  0.069   0   -0.015                                              
-0.137  0.137   0.065   -0.256                                              



{{}, {}, {}, {}, {}, {}, {}, {}, {}, {}, {}, {}, {}, {}, {}, {}}


{{8, 10, 11, 15}, {11}, {8, 9, 10, 11, 14, 15}, {8, 10, 11, 13, 14, 15}, {}, {8, 10, 11, 15}, {8, 10, 15}, {8, 10, 11, 14, 15}}
