-0.313  0.292   0   -0.224                                              
-0.057                                                          
-0.037  0.026   0   -0.025                                              
-0.057  0.03    0   -0.022                                              
-0.057  0.014   0   -0.03                                               
-0.57   0.144   0.299   0.015   0   -0.061  0.061   0   0   0   -0.287  0.287   0.2 0   0   -0.2
-0.028                                                          
-0.2                                                            
-0.124  0.078   0.07    -0.07                                               
-0.23                                                           
-0.014                                                          
-0.035  0.017   0   -0.028                                              
-0.032                                                          
-0.896  0.497   0.187   -0.187                                              
-0.061                                                          
-0.028  0.004   0.016   -0.016                                              
-0.015                                                          
-0.018  0.006   0   -0.072                                              
-0.06   0.03    0   -0.012                                              
-0.243  0.187   0.075   -0.075                                              
-0.138  0.114   0   -0.075                                              
-0.186  0.076   0  -0.053                                                                                                
-0.032  
-0.896  0.497   0.187   -0.187  
-0.061  
-0.028  0.004   0.016   -0.016  
-0.015  
-0.15   
-0.05   
-0.03   
-0.015  
-0.342  



{{}, {}, {}, {}, {}, {}, {}, {}, {}, {}, {}, {}, {}, {}, {}, {}}

{{10, 11, 13, 15}, {13, 15}, {8, 9, 11, 13, 15}, {15}, {15}, {}, {13, 15}, {10, 11, 13, 14, 15}}
