-0.118  0.094   0   -0.012                                              
-0.109  0.109   1.159   -1.49                                               
-0.166                                                          
-0.027                                                          
-0.185  0.185   0.485   -0.572                                              
-0.02                                                           
-0.037  0.017   0.02    0   0   -0.063  0   0.031   0   0   -0.039  0.012   0   0   0.036   -0.036
-0.083                                                          
-1.475  0.685   0.021   -0.021                                              
-0.1    0.035   0.032   -0.032                                              
-0.087  0.048   0   -0.023                                              
-0.14                                                           
-0.05                                                           
-0.106  0.064   0   -0.011                                              
-0.049  0.023   0   -0.052                                              
-0.321  0.117   0.17    -0.17                                               
-2.452  0   0.169   2.283   0   -4.529  0.657   1.778   2.182   0   -2.182  0   0   0.784   0   -0.784
-0.24   0.129   0.072   -0.072                                              
-0.069                                                          
-0.128  0.044   0.012   0.03    0.061   -0.061  0   0   0.051   0   -0.051  0   0   0   0.088   -0.088
-0.024  0.002   0.026   -0.026                                              
-0.31   0.15    0.077   -0.077                                              
-0.023  
-0.015  
-0.52   
-0.131  
-0.091  
-0.14   
-0.22   
-0.1    
-0.712  
-1.025  



{{}, {}, {}, {}, {}, {6}, {}, {}, {}, {}, {}, {}, {}, {}, {}, {}}

{{}, {10, 13}, {10}, {}, {}, {}, {10, 11}, {}}
