-1.577  0.391   0.627   0.114   0.253   -0.253  0   0   0   0.332   -0.332  0   0   0   0.006   -0.006
-0.016                                                          
-0.097  0.085   0   -0.044                                              
-0.863
-0.13                                                           
-0.501
-0.08                                                           
-0.74   0.74    0.495   -1.556                                              
-0.097  0.041   0   -0.046                                              
-0.079                                                          
-2.14                                                           
-0.05   0.035   0.015   0   0.021   -0.057  0   0.006   0   0.055   -0.055  0   0   0   0   -0.056
-0.04                                                           
-0.032  0.012   0.053   -0.053                                              
-0.696
-0.056                                                          
-0.205                                                          
-0.02                                                           
-0.771
-0.108                                                          
-0.14   0.05    0   -0.146                                              
-0.108                                                          
-1.85                                                           
-0.014                                                          
-0.082                                                          
-0.86                                                           
-0.032                                                          
-0.026                                                          
-0.107                                                          
-0.023                                                          
-0.13                                                           
-0.026                                                          

{{}, {3}, {}, {}, {7}, {}, {}, {}, {}, {}, {}, {}, {}, {}, {}, {}}


{{}, {}, {12}, {}, {}, {8, 9, 10, 12, 13, 14, 15}, {13}, {10, 12}}
