-0.053  0.044   0   -0.039                                              
-1.033  1.033   0.65    -1.453                                              
-0.109  0.109   1.159   -1.49                                               
-0.126  0.015   0.111   0   0   -0.039  0.011   0.028   0.091   0   -0.158  0   0.049   0   0   -0.049
-0.166                                                          
-0.027                                                          
-0.185  0.185   0.485   -0.572                                              
-0.02                                                           
-0.14                                                           
-0.106  0.064   0   -0.011                                              
-0.118  0.094   0   -0.012                                              
-0.21                                                           
-0.015  0.001   0   -0.013                                              
-0.128  0.044   0.012   0.03    0.061   -0.061  0   0   0.051   0   -0.051  0   0   0   0.088   -0.088
-0.069                                                          
-0.024  0.002   0.026   -0.026                                              
-0.31   0.15    0.077   -0.077                                              
-0.049  0.023   0   -0.052                                              
-0.321  0.117   0.17    -0.17                                               
-0.106  0.064   0   -0.011                                              
-0.057                                                          
-0.15                                                           
-0.5                                                            
-4.067  2.833   0   -1.038                                              
-0.025                                                          
-1.013                                                          
-0.05                                                           
-0.105  0.015   0.04    -0.04                                               
-0.094  0.044   0   -0.011                                              
-0.21                                                           
-0.155  0.12    0.075   -0.075                                              
-0.016                                                          



{{}, {}, {}, {}, {}, {}, {}, {}, {}, {}, {}, {}, {}, {}, {}, {}}


{{12}, {14}, {8, 10, 12, 13, 14}, {14}, {8, 10, 12, 13, 14, 15}, {}, {15}, {8, 10, 12, 13, 14}}
