-0.163  0.082   0.035   0.035   0.0 -0.07   0.07    0.0 0.0 0.0 -0.029  0.029   0.0 0.0 0.0 -0.064  
-0.35  
-0.016  
-0.65  
-0.06  
-0.02   
-0.03   0.009   0.0 -0.01   
-1.415  0.093   0.0 -0.527  
-0.016  
-0.16  
-0.019  
-1.567  1.281   0.252   -0.252  
-0.207 
-0.036  
-0.01  
-0.02   
-0.24 
-0.161  0.064   0.046   -0.046  
-0.073  
-0.277
-0.039  
-0.122  
-0.024  
-0.18  
-0.766
-0.161  0.064   0.046   -0.046  
-0.073  
-156.277    0.0 144.514 11.763  115.056 -211.52 83.208  0.0 0.0 0.0 -27.328 27.328  0.0 150.815 0.0 -150.815    
-0.039  
-0.122  
-0.024  
-0.018  
-0.766  
-0.16   
-0.056  
-0.034  
-0.363  
-0.086  0.069   0.0 -0.015  
-0.705  0.679   1.421   -1.421  
-0.016  
-0.016  
-0.017  
-0.023
-0.354  0.125   0.151   -0.151  
-0.028  
-0.036  0.033   0.0 -0.048  
-0.24   0.044   0.175   -0.175  
-0.022  
-0.9    
-0.2    
-0.472  0.205   0.0 -0.057  
-0.524  
-0.022  
-1.928  0.888   0.162   0.878   0.25    -0.864  0.0 0.0 0.259   0.0 -0.259  0.0 0.0 0.0 0.92    -0.92   
-0.738  
-0.072  
-0.23  
-0.025  
-0.016   
-0.043  
-0.015    
-0.043  
-0.16   
-0.056  
-0.034  
-0.363  
-0.705  0.679   1.421   -1.421  
-0.016  
-0.6  
-0.017  
-0.086  0.069   0.0 -0.015  
-0.023  
-0.5   
-0.045  0.015   0.017   -0.017  
-1.39
-0.08   
-0.528  0.477   0.377   -0.377  
-0.022  
-0.056  0.044   0.0 -0.106  
-0.038  


[0, 2, 6, 7, 8, 12, 13, 14, 3, 16, 11, 17, 5, 4, 1, 18, 15, 10, 9, 19, 20, 22, 26, 27, 28, 32, 33, 34, 23, 36, 31, 37, 25, 24, 21, 38, 35, 30, 29, 39]
{{}, {2, 8, 11, 14, 16, 17}, {}, {14}, {17}, {17}, {}, {}, {}, {8, 16, 18}, {2, 8, 18}, {8, 14, 16}, {}, {}, {}, {18}, {}, {}, {}, {}, {}, {}, {}, {}, {}, {}, {}, {}, {}, {}, {}, {}, {}, {}, {}, {}, {}, {}, {}, {}}


{{}, {}, {21, 22, 26, 29, 30, 32, 35, 38, 39}, {}, {}, {}, {21, 25, 26, 29, 30, 31, 32, 39}, {}, {21, 25, 26, 29, 30, 31, 32}, {32}, {32}, {}, {21, 25, 26, 29, 30, 31, 32}, {}, {32}, {21, 26, 29, 30, 35, 38}, {25, 32}, {21, 26, 29, 30, 32, 39}, {20, 21, 22, 23, 25, 26, 28, 29, 30, 31, 32, 33, 35, 38, 39}, {20, 29, 30, 35}}
