-0.029	
-0.28	
-1.967	
-0.021	
-0.098	
-0.061	0.033	0.0	-0.01	
-0.014	
-0.521	0.154	0.181	0.144	0.0	-0.214	0.0	0.0	0.027	0.0	-0.027	0.0	0.0	0.0	0.109	-0.109	
-0.333	0.173	0.0	-0.047	
-0.013	
-0.22	
-0.354	0.125	0.151	-0.151	
-0.028	
-0.036	0.033	0.0	-0.048	
-0.24	0.044	0.175	-0.175	
-0.022	
-0.9	
-0.2	
-0.472	0.205	0.0	-0.057	
-0.524	
-0.74   0.74    0.495   -1.556  
-0.097  0.041   0.0 -0.046  
-0.079  
-0.14  
-0.069  
-0.024  0.002   0.026   -0.026  
-0.31   0.15    0.077   -0.077  
-0.028  
-0.016  
-0.321  0.117   0.17    -0.17   
-0.336  
-0.66   
-0.015  
-0.028  
-0.106  0.064   0.0 -0.011  
-0.118  0.094   0.0 -0.012  
-0.016  
-0.109  0.109   1.159   -1.49   
-0.126  0.015   0.111   0.0 0.0 -0.039  0.011   0.028   0.091   0.0 -0.158  0.0 0.049   0.0 0.0 -0.049  
-0.8    
-0.056  
-0.192  0.131   0.0 -0.023  
-0.04   
-0.014  
-0.081  
-0.022  
-0.21   
-0.013  
-0.014  
-0.032  0.012   0.053   -0.053  
-2.696  1.259   0.291   -0.291  
-0.056  
-0.15   
-0.023 
-0.5  
-14.808 
-0.617  0.11    0.082   0.195   0.233   -0.233  0.0 0.0 0.0 0.0 -0.122  0.122   0.0 0.062   0.0 -0.062  
-1.814  
-3.056  2.528   1.799   -1.799  
-0.022  
-0.6  
-0.017  
-0.16  
-0.028  
-0.018  0.007   0.0 -0.022  
-0.402  0.402   0.277   -0.72   
-0.8  
-0.021  
-0.214  0.01    0.203   -0.203  
-0.136  
-0.014  
-0.078  0.053   0.0 -0.021  
-0.989  0.64    0.0 -0.83   
-0.065  
-0.148  0.118   0.029   0.0 0.225   -0.332  0.029   0.0 0.0 0.0 -0.225  0.225   0.265   0.0 0.0 -0.265  
-0.022  
-0.016  
-0.33   
-0.013  
-0.127  




[1, 2, 3, 4, 6, 7, 8, 10, 9, 5, 11, 12, 13, 0, 14, 15, 16, 17, 18, 19, 21, 22, 23, 24, 26, 27, 28, 30, 29, 25, 31, 32, 33, 20, 34, 35, 36, 37, 38, 39]
{{2, 10, 13}, {}, {}, {}, {}, {10}, {}, {}, {}, {10}, {}, {10}, {}, {}, {10, 13}, {1}, {13}, {}, {}, {0, 1, 2, 4, 5, 6, 9, 10, 11, 13, 15}, {}, {}, {}, {}, {}, {}, {}, {}, {}, {}, {}, {}, {}, {}, {}, {}, {}, {}, {}, {}}



{{28, 38}, {20, 22, 25, 26, 27, 28, 29, 31, 32, 34, 35, 36, 37, 38, 39}, {20, 21, 22, 24, 28, 32, 35, 37, 38, 39}, {39}, {20, 21, 24, 28, 32, 35, 37, 38, 39}, {28, 32, 34, 38, 39}, {28, 32, 38, 39}, {20, 28, 32, 38, 39}, {27, 28, 38}, {28}, {25, 28, 32, 34, 38, 39}, {28, 32, 38}, {20, 28, 32, 35, 37, 38, 39}, {28, 32, 38, 39}, {32, 39}, {28}, {32, 39}, {39}, {32, 39}, {}}
