-0.334  
-1.348  0.317   0.037   -0.037  
-0.023  
-0.93  
-0.037  
-0.02   0.015   0.0 -0.049  
-0.35  
-0.016  
-0.017  
-0.15  
-0.035  0.035   0.017   -0.054  
-0.055  
-0.383  0.233   0.276   -0.276  
-0.02   
-0.5   
-0.016  
-0.19  
-0.15  
-0.073  
-0.33  
-0.024  
-0.035  
-0.133  0.133   0.111   -0.265  
-0.15  
-0.013  
-0.016  
-0.15   
-0.5    
-0.021
-0.196  0.163   0.0 -0.065  
-0.063  0.033   0.028   -0.028  
-0.024  
-0.16   
-0.053  
-0.151  
-0.054  
-0.021  
-0.07   0.003   0.061   -0.061  
-0.27   
-0.03   
-0.013  
-0.108  0.046   0.052   -0.052  
-0.013  
-0.223  
-0.74   0.74    0.495   -1.556  
-0.097  0.041   0.0 -0.046  
-0.079  
-0.14  
-0.05   0.035   0.015   0.0 0.021   -0.057  0.0 0.006   0.0 0.055   -0.055  0.0 0.0 0.0 0.0 -0.056  
-0.363  
-0.086  0.069   0.0 -0.015  
-0.705  0.679   1.421   -1.421  
-0.016      
-0.107  
-0.013  
-0.503  0.171   0.149   0.048   0.214   -0.214  0.0 0.0 0.0 0.129   -0.129  0.0 0.0 0.0 0.028   -0.028  
-0.059  
-0.196  0.145   0.101   -0.101  
-0.052  
-0.25   
-0.021  
-0.132  
-0.245  
-0.02   
-12.771 12.771  7.502   -7.609  
-0.027  
-0.7    
-0.097  0.085   0.0 -0.044  
-0.14   0.05    0.0 -0.146  
-6.863  5.172   1.849   -1.849  
-0.3    
-0.108  0.073   0.227   -0.227  
-0.029  0.01    0.0 -0.009  
-0.601  0.601   0.111   -0.147  
-0.027  
-0.72   
-0.057  
-0.08   
-0.453  
-0.506  0.124   0.149   0.031   0.0 -0.223  0.223   0.0 0.203   0.0 -0.203  0.0 0.0 0.067   0.0 -0.067  



[0, 2, 3, 5, 6, 7, 8, 10, 11, 12, 13, 15, 16, 18, 19, 17, 14, 9, 4, 1, 20, 22, 23, 25, 26, 27, 28, 30, 31, 32, 33, 35, 36, 38, 39, 37, 34, 29, 24, 21]
{{}, {2, 3, 6, 7, 8, 10, 13, 19}, {}, {}, {2, 3, 10, 18, 19}, {}, {}, {}, {}, {3, 8, 19}, {2}, {}, {}, {}, {2, 19}, {}, {}, {3, 19}, {2}, {}, {}, {}, {}, {}, {}, {}, {}, {}, {}, {}, {}, {}, {}, {}, {}, {}, {}, {}, {}, {}}


{{21, 24, 29, 34, 37}, {}, {20, 21, 24, 25, 26, 27, 30, 36, 37}, {20, 21, 23, 24, 25, 26, 27, 28, 29, 30, 31, 32, 34, 35, 36, 37, 38}, {21, 24}, {21, 24}, {20, 21, 24, 26, 29, 30, 32, 36, 37, 38}, {20, 21, 22, 23, 24, 25, 26, 27, 28, 29, 30, 31, 32, 34, 35, 36, 37, 38, 39}, {21, 24, 29, 34, 37}, {37}, {21, 24, 26, 30}, {21, 24, 29, 37}, {}, {37}, {21, 24, 26}, {}, {21, 23, 24, 26, 29, 30, 34, 37, 38}, {21, 23, 24, 26, 29, 30, 34, 37, 38}, {21, 24, 26}, {21, 23, 24, 26, 29, 30, 34, 37, 38}}
