-0.288  
-0.035  0.009   0.021   -0.021  
-0.016  
-3.655  3.655   6.394   -7.77   
-0.018  
-0.042  0.018   0.0 -0.011  
-0.102  
-0.016  
-0.045  
-0.36  
-0.07   
-0.058  0.058   0.155   -0.234  
-0.22 
-0.161  0.064   0.046   -0.046  
-0.073  
-0.144
-0.039  
-0.122  
-0.024  
-0.18  
-0.766  
-0.556  0.556   0.078   -0.605  
-0.1  
-0.056
-0.034  
-0.168  0.035   0.0 -1.122  
-0.087  
-0.06   0.031   0.0 -0.017  
-0.159  0.085   0.0 -0.034  
-1.399  0.944   0.497   -0.497  
-0.115  
-0.038  
-0.019  
-0.016  
-0.025  
-0.022  
-0.105  0.047   0.0 -0.034  
-0.034  0.01    0.037   -0.037  
-1.99   1.99    9.445   -20.964 
-0.018  
-0.251  0.082   0.151   -0.151  
-0.164  0.122   0.0 -1.906  
-0.094  
-0.024    
-0.034  
-0.363  
-0.086  0.069   0.0 -0.015  
-0.705  0.679   1.421   -1.421  
-0.016  
-0.16  
-0.282  0.142   0.042   -0.042  
-0.088  
-0.03   0.016   0.0 -0.02    
-0.024  
-0.02   0.002   0.047   -0.047  
-0.283  
-0.039  
-0.039  
-0.014  
-0.21  
-0.022  
-0.214  
-0.025  
-0.42   0.241   0.0 0.178   0.0 -0.896  0.294   0.204   0.0 0.0 -0.097  0.0 0.0 0.055   0.0 -0.055  
-0.556  0.556   0.078   -0.605  
-0.016  0.001   0.008   -0.008  
-0.013  
-0.2      
-0.017  0.007   0.0 -0.039  
-0.083  
-0.014  
-0.031  0.031   0.0 0.0 0.0 -0.091  0.058   0.0 0.0 0.011   -0.069  0.058   0.0 0.0 0.01    -0.042  
-0.086  0.069   0.0 -0.015  
-0.705  0.679   1.421   -1.421  
-0.151  
-0.054  
-0.021  
-0.07   0.003   0.061   -0.061  
-0.27   
-0.03   



[0, 2, 3, 5, 6, 12, 1, 15, 16, 18, 19, 17, 13, 11, 14, 10, 8, 9, 7, 4, 20, 22, 23, 25, 26, 32, 21, 35, 36, 38, 39, 37, 33, 31, 34, 30, 28, 29, 27, 24]
{{}, {12}, {}, {}, {5, 11, 19}, {}, {}, {0, 11, 19}, {19}, {0, 3, 5, 6, 8, 11, 12, 15, 17, 18, 19}, {19}, {19}, {}, {0, 3, 19}, {6, 11, 19}, {}, {}, {19}, {}, {}, {}, {}, {}, {}, {}, {}, {}, {}, {}, {}, {}, {}, {}, {}, {}, {}, {}, {}, {}, {}}


{{20, 21, 22, 24, 25, 26, 27, 28, 29, 30, 31, 33, 34, 37, 38, 39}, {}, {23, 24, 26, 27, 29, 33, 34, 36}, {21, 22, 23, 24, 25, 26, 27, 28, 29, 30, 31, 33, 34, 36, 38}, {}, {22, 23, 24, 25, 26, 27, 28, 29, 30, 31, 33, 34, 36, 38}, {20, 22, 24, 25, 27, 29, 30, 31, 33, 34, 37, 38}, {22, 24, 27, 29, 30, 33}, {22, 24, 27, 29, 30, 33}, {27, 29, 30, 33}, {22}, {22, 24, 25, 27, 29, 30, 33, 34, 38}, {27, 29, 30, 33}, {22, 24, 25, 26, 27, 28, 29, 30, 31, 33, 34, 38}, {22, 24, 27, 29, 30, 33}, {20, 22, 24, 25, 27, 28, 29, 30, 31, 33, 34, 38}, {23, 24, 26, 27, 29, 33, 34, 36}, {24, 26, 27, 29, 30, 33, 34, 38}, {22, 24, 25, 26, 27, 28, 29, 30, 31, 33, 34, 38}, {20, 21, 22, 24, 25, 26, 27, 28, 29, 30, 31, 33, 34, 37, 38, 39}}
