-0.084	
-0.279	
-0.13	
-0.016	
-0.03	0.012	0.032	-0.032	
-0.053	0.044	0.0	-0.039	
-0.021	
-0.24	
-0.014	
-0.166	
-0.027	
-0.185	0.185	0.485	-0.572	
-0.025	
-0.14	
-0.025	
-2.849  1.254   0.0 -1.447  
-0.022	
-0.21	
-0.013	
-0.128  0.044   0.012   0.03    0.061   -0.061  0.0 0.0 0.051   0.0 -0.051  0.0 0.0 0.0 0.088   -0.088  
-0.554  0.414   0.489   -0.489  
-0.015  
-0.14   
-0.054  0.028   0.0 -0.021  
-0.554  0.414   0.489   -0.489  
-0.015  
-0.14   
-0.054  0.028   0.0 -0.021  
-0.017  0.007   0.0 -0.026  
-0.021  
-0.16   
-0.24   
-0.067  
-1.835  0.918   0.017   -0.017  
-0.014  
-0.05   
-0.026  
-0.043  0.043   0.072   -0.131  
-0.17   
-0.024
-0.054  
-0.16   0.106   0.105   -0.105  
-0.018  0.002   0.0 -0.011  
-0.03   
-0.015  
-0.08   0.005   0.0 -0.167  
-1.03   
-0.3    
-0.444  0.319   0.222   -0.222  
-0.181  0.024   0.034   0.101   0.0 -0.103  0.0 0.0 0.064   0.0 -0.064  0.0 0.0 0.022   0.0 -0.022  
-0.057  
-0.15   
-0.5    
-0.027  
-0.72   
-0.057  
-0.08   
-0.453  
-0.506  0.124   0.149   0.031   0.0 -0.223  0.223   0.0 0.203   0.0 -0.203  0.0 0.0 0.067   0.0 -0.067  
-0.016  
-0.15   
-0.5    
-0.021  
-0.107  
-0.013  
-0.503  0.171   0.149   0.048   0.214   -0.214  0.0 0.0 0.0 0.129   -0.129  0.0 0.0 0.0 0.028   -0.028  
-0.059  
-0.196  0.145   0.101   -0.101  
-0.052  
-0.016  0.002   0.0 -0.009  
-0.041  0.036   0.0 -0.021  
-0.061  0.005   0.0 -0.06   
-0.4
-0.049  0.014   0.01    -0.01   
-0.022  
-0.028  0.014   0.0 -0.019  
-0.153  
-4.067  2.833   0.0 -1.038  
-0.025  
-1.013   




[1, 2, 3, 4, 5, 6, 7, 8, 9, 10, 11, 12, 13, 0, 14, 15, 16, 17, 18, 19, 21, 22, 23, 24, 25, 26, 27, 28, 29, 30, 31, 32, 33, 20, 34, 35, 36, 37, 38, 39]
{{13}, {}, {}, {}, {}, {}, {}, {}, {6}, {}, {}, {}, {}, {}, {}, {}, {}, {}, {}, {}, {}, {}, {}, {}, {}, {}, {}, {}, {}, {}, {}, {}, {}, {}, {}, {}, {}, {}, {}, {}}



{{28, 39}, {20, 21, 22, 24, 25, 28, 31, 32, 33, 35, 37, 39}, {}, {}, {}, {21, 22, 31, 35, 39}, {}, {}, {}, {}, {20, 21, 22, 24, 25, 29, 31, 32, 33, 35, 37, 39}, {20, 21, 22, 25, 28, 31, 35, 39}, {20, 21, 22, 24, 25, 29, 31, 32, 33, 35, 37, 39}, {20, 21, 22, 25, 28, 31, 35, 39}, {}, {28, 30, 38, 39}, {20, 21, 22, 24, 25, 29, 31, 32, 33, 35, 37, 39}, {}, {21, 22, 31, 32, 35, 37, 39}, {20, 21, 22, 25, 28, 30, 31, 35, 38, 39}}
