-0.027	
-0.72	
-0.057	
-0.021  
-0.107  
-0.013  
-0.503  0.171   0.149   0.048   0.214   -0.214  0.0 0.0 0.0 0.129   -0.129  0.0 0.0 0.0 0.028   -0.028  
-0.059  
-0.196  0.145   0.101   -0.101  
-0.052  
-0.016  0.002   0.0 -0.009  
-0.041  0.036   0.0 -0.021  
-0.061  0.005   0.0 -0.06   
-0.4
-0.049  0.014   0.01    -0.01   
-0.022  
-0.028  0.014   0.0 -0.019  
-0.153  
-0.08	
-0.453	
-0.506	0.124	0.149	0.031	0.0	-0.223	0.223	0.0	0.203	0.0	-0.203	0.0	0.0	0.067	0.0	-0.067	
-0.016	
-0.15	
-0.5
-0.196  0.163   0.0 -0.065  
-0.063  0.033   0.028   -0.028  
-0.024  
-0.16   
-0.053  
-0.151  
-0.054  
-0.021  
-0.07   0.003   0.061   -0.061  
-0.163  0.082   0.035   0.035   0.0 -0.07   0.07    0.0 0.0 0.0 -0.029  0.029   0.0 0.0 0.0 -0.064  
-0.35  
-0.016  
-0.65  
-0.016  
-0.02   
-0.03   0.009   0.0 -0.01   
-1.415  0.093   0.0 -0.527  
-0.016  
-0.16  
-0.019
-0.6    
-0.037  0.017   0.02    0.0 0.0 -0.063  0.0 0.031   0.0 0.0 -0.039  0.012   0.0 0.0 0.036   -0.036  
-0.083  
-1.475  0.685   0.021   -0.021  
-0.13   
-0.087  0.048   0.0 -0.023  
-0.049  0.049   0.013   -0.037  
-1.077  0.739   0.439   -0.439  
-0.018  0.002   0.0 -0.008  
-0.53
-0.23   
-0.042  
-0.017  
-0.52   
-0.039  
-0.016  
-0.023  
-6.924  6.213   0.158   -0.158  
-0.092  
-0.12   
-0.202  0.016   0.041   -0.041  
-0.116  
-0.15   
-0.02   
-0.017  
-0.103  
-0.037  
-0.233  0.177   0.0 -0.017  
-0.167  0.075   0.084   -0.084  
-0.024     
-0.023  0.0 0.005   -0.005  
-0.027  
-0.039  0.002   0.009   -0.009  
-0.013  
-0.31   
-0.3    



[0, 2, 1, 3, 4, 5, 7, 9, 10, 11, 12, 13, 15, 16, 17, 18, 14, 6, 19, 8, 20, 22, 21, 23, 24, 25, 27, 29, 30, 31, 32, 33, 35, 36, 37, 38, 34, 26, 39, 28]
{{}, {2}, {}, {2}, {1, 2}, {}, {2, 17, 18}, {2}, {1, 2, 3, 4, 10, 12, 14, 15, 16, 17, 18, 19}, {2}, {}, {}, {}, {1, 2}, {1, 2, 15, 16, 17, 18}, {2}, {}, {}, {}, {2}, {}, {}, {}, {}, {}, {}, {}, {}, {}, {}, {}, {}, {}, {}, {}, {}, {}, {}, {}, {}}



{{}, {25, 26, 28, 34, 36, 37}, {23, 25, 26, 28, 29, 30, 31, 34, 35, 36, 37}, {25, 26, 28, 34}, {25, 26, 28, 34}, {}, {26, 28}, {}, {26}, {26, 28}, {25, 26, 28, 30, 34, 35, 36, 37}, {}, {25, 26, 28, 29, 30, 34, 35, 36, 37, 38}, {26, 28}, {26, 28}, {25, 26, 28, 34, 36, 37}, {25, 26, 28, 34, 36, 37}, {21, 23, 24, 25, 26, 27, 28, 30, 31, 32, 33, 34, 35, 36, 37, 39}, {21, 23, 24, 25, 26, 27, 28, 30, 31, 32, 33, 34, 35, 36, 37, 39}, {25, 26, 28, 34}}
