-0.061  
-0.459  
-0.044  0.023   0.0 -0.061  
-0.01   
-0.175  0.081   0.0 -0.013  
-0.051
-0.03   0.009   0.0 -0.01   
-1.415  0.093   0.0 -0.527  
-0.016  
-0.16  
-0.019  
-1.567  1.281   0.252   -0.252    
-5.113  
-2.132  1.133   0.0 -0.751  
-0.4    
-0.065  
-0.53
-0.161  0.064   0.046   -0.046  
-0.073  
-0.144
-0.039  
-0.122  
-0.024  
-0.18  
-0.766  
-0.556  0.556   0.078   -0.605  
-0.1  
-0.056
-0.034  
-0.168  0.035   0.0 -1.122  
-0.087  
-0.06   0.031   0.0 -0.017  
-0.159  0.085   0.0 -0.034  
-1.399  0.944   0.497   -0.497  
-0.115
-0.108  
-1.85   
-0.014  
-0.082  
-0.86   
-0.032  
-0.026  
-1.577  0.391   0.627   0.114   0.253   -0.253  0.0 0.0 0.0 0.332   -0.332  0.0 0.0 0.0 0.006   -0.006  
-0.016  
-0.029  
-0.107  
-0.061  
-0.459  
-0.044  0.023   0.0 -0.061  
-0.01   
-0.175  0.081   0.0 -0.013  
-0.051  
-5.113  
-2.132  1.133   0.0 -0.751  
-0.4    
-0.065  
-0.53   
-0.013  
-0.556  0.556   0.078   -0.605  
-0.016  0.001   0.008   -0.008  
-0.013  
-0.2      
-0.017  0.007   0.0 -0.039  
-0.083  
-0.014  
-0.031  0.031   0.0 0.0 0.0 -0.091  0.058   0.0 0.0 0.011   -0.069  0.058   0.0 0.0 0.01    -0.042  
-0.086  0.069   0.0 -0.015  
-0.705  0.679   1.421   -1.421  
-0.016  
-0.16    
-0.013  
-0.556  0.556   0.078   -0.605  
-0.016  0.001   0.008   -0.008  
-0.013  
-0.2      
-0.017  0.007   0.0 -0.039  
-0.083  
-0.014  
-0.031  0.031   0.0 0.0 0.0 -0.091  0.058   0.0 0.0 0.011   -0.069  0.058   0.0 0.0 0.01    -0.042  
-0.013  



[1, 4, 5, 6, 7, 8, 9, 12, 16, 17, 18, 15, 14, 13, 11, 10, 3, 2, 0, 19, 21, 24, 25, 26, 27, 28, 29, 32, 36, 37, 38, 35, 34, 33, 31, 30, 23, 22, 20, 39]
{{8, 9, 17, 18}, {}, {18}, {7, 8, 9, 17, 18}, {}, {}, {}, {}, {}, {8}, {7, 8, 13, 17, 18}, {7, 8, 9, 17, 18}, {}, {18}, {7, 8, 9, 17, 18}, {18}, {8}, {}, {}, {8}, {}, {}, {}, {}, {}, {}, {}, {}, {}, {}, {}, {}, {}, {}, {}, {}, {}, {}, {}, {}}



{{}, {20, 21, 22, 25, 30, 31, 32, 33, 34, 35, 36, 39}, {30, 31, 34, 35}, {}, {30, 35}, {30, 31, 34, 35}, {}, {22, 23, 30, 31, 34, 35}, {22, 23, 25, 27, 30, 31, 34, 35}, {23, 30, 34, 35}, {30, 34, 35}, {30, 35}, {23}, {22, 23, 30, 31, 34, 35}, {30, 35}, {20, 22, 23, 25, 30, 31, 34, 35}, {30, 34, 35}, {23, 30, 34, 35}, {20, 21, 22, 23, 25, 27, 30, 31, 33, 34, 35, 37}, {}}
