-0.061  0.005   0.0 -0.06   
-0.4
-0.049  0.014   0.01    -0.01   
-0.022  
-0.028  0.014   0.0 -0.019  
-0.153      
-0.137  0.068   0.0 -0.066  
-0.3    
-0.016  
-0.076  0.05    0.0 -0.035  
-0.05   0.035   0.015   0.0 0.021   -0.057  0.0 0.006   0.0 0.055   -0.055  0.0 0.0 0.0 0.0 -0.056  
-0.363  
-0.086  0.069   0.0 -0.015  
-0.705  0.679   1.421   -1.421  
-0.016  
-0.196	0.163	0.0	-0.065	
-0.063	0.033	0.028	-0.028	
-0.024	
-0.16	
-0.053	
-0.151	
-0.054	
-0.021	
-0.07	0.003	0.061	-0.061	
-0.27	
-0.03	
-0.013	
-0.108	0.046	0.052	-0.052	
-0.013	
-0.223	
-0.74   0.74    0.495   -1.556  
-0.097  0.041   0.0 -0.046  
-0.079  
-0.14  
-0.03   
-0.29   
-0.174  
-0.013  
-0.039  0.019   0.044   -0.044  
-0.049  0.014   0.01    -0.01   
-0.022  
-0.028  0.014   0.0 -0.019  
-0.153  
-0.02   
-0.5    
-0.108
-0.027  
-0.72   
-0.057  
-0.08   
-0.453  
-0.506  0.124   0.149   0.031   0.0 -0.223  0.223   0.0 0.203   0.0 -0.203  0.0 0.0 0.067   0.0 -0.067  
-0.016 
-0.02   
-0.521  0.154   0.181   0.144   0.0 -0.214  0.0 0.0 0.027   0.0 -0.027  0.0 0.0 0.0 0.109   -0.109  
-0.472  0.205   0.0 -0.057  
-0.524  
-0.034  0.034   0.018   -0.05   
-4.394  
-0.013  
-0.283  
-0.032  
-0.018  0.002   0.014   -0.014  
-0.024  
-0.288  
-0.035  0.009   0.021   -0.021  
-0.016  
-3.655  3.655   6.394   -7.77   
-0.018  
-0.042  0.018   0.0 -0.011  
-0.102  
-0.016  
-0.045  
-0.36  
-0.07   
-0.058  0.058   0.155   -0.234  
-0.22  
-0.024  
-0.02   0.002   0.047   -0.047  
-0.283  



[1, 6, 8, 9, 5, 2, 0, 12, 10, 14, 15, 11, 17, 18, 16, 7, 4, 3, 19, 13, 21, 26, 28, 29, 25, 22, 20, 32, 30, 34, 35, 31, 37, 38, 36, 27, 24, 23, 39, 33]
{{9}, {}, {9}, {9, 10, 12, 15, 16, 18}, {18}, {9}, {}, {12, 18}, {}, {}, {9, 12}, {9, 15}, {}, {18, 19}, {9}, {}, {9, 10, 12, 15, 18}, {}, {}, {}, {}, {}, {}, {}, {}, {}, {}, {}, {}, {}, {}, {}, {}, {}, {}, {}, {}, {}, {}, {}}


{{23, 33}, {27}, {33}, {23, 33, 36}, {27}, {}, {27, 31}, {27}, {27}, {23, 24, 27, 33, 36, 39}, {23, 24, 27, 33, 36, 39}, {27, 33, 39}, {23, 24, 27, 33, 36, 39}, {27}, {}, {23, 24, 27, 33, 36, 39}, {23, 33, 36, 39}, {23, 33}, {20, 21, 23, 24, 26, 27, 31, 33, 34, 35, 36, 37, 39}, {27}}
