-0.061  
-0.459  
-0.044  0.023   0.0 -0.061  
-0.01   
-0.175  0.081   0.0 -0.013  
-0.051  
-5.113  
-2.132  1.133   0.0 -0.751  
-0.4    
-0.065  
-0.53   
-0.013  
-0.556  0.556   0.078   -0.605  
-0.016  0.001   0.008   -0.008  
-0.013  
-0.2      
-0.017  0.007   0.0 -0.039  
-0.083  
-0.014  
-0.031  0.031   0.0 0.0 0.0 -0.091  0.058   0.0 0.0 0.011   -0.069  0.058   0.0 0.0 0.01    -0.042  
-0.086  0.069   0.0 -0.015  
-0.705  0.679   1.421   -1.421  
-0.016  
-0.16  
-0.013  
-0.843
-0.059  0.011   0.02    0.028   0.0 -0.023  0.0 0.0 0.0 0.0 -0.034  0.0 0.0 0.0 0.016   -0.016  
-0.148  0.124   0.0 -0.103  
-0.084  
-0.014  
-0.046  0.014   0.034   -0.034  
-0.027  
-0.013  
-0.3    
-0.108  0.073   0.227   -0.227  
-0.029  0.01    0.0 -0.009  
-0.601  0.601   0.111   -0.147  
-0.013
-0.03
-0.114  
-0.016  
-0.086  0.019   0   -0.06                                               
-1.235                                                          
-0.041  0.041   0.004   -0.031                                              
-0.016                                                          
-0.04                                                           
-0.388  0.234   0.055   -0.055                                              
-0.16   0.128   0.2 -0.2                                                
-0.4    0.037   0.147   0.055   0   -0.175  0   0.175   0.172   0   -0.172  0   0.049   0   0   -0.049
-0.021                                                          
-0.21                                                           
-0.108                                                          
-0.16   0.055   0.075   -0.075                                              
-0.3                                                            
-0.063  0.037   0   -0.041                                              
-0.015                                                          
-0.37   0.207   0.032      
-0.29   
-0.174  
-0.013  
-0.039  0.019   0.044   -0.044  
-0.049  0.014   0.01    -0.01   
-0.022  
-0.028  0.014   0.0 -0.019  
-0.153  
-0.02   
-0.5    
-0.108
-0.027  
-0.72   
-0.057  
-0.08   
-0.453  
-0.506  0.124   0.149   0.031   0.0 -0.223  0.223   0.0 0.203   0.0 -0.203  0.0 0.0 0.067   0.0 -0.067  
-0.016  
-0.15   
-0.5    
-0.021  
-0.107  
-0.013  



[1, 2, 3, 4, 0, 5, 6, 9, 10, 12, 14, 15, 17, 18, 16, 13, 8, 19, 11, 7, 21, 22, 23, 24, 20, 25, 26, 29, 30, 32, 34, 35, 37, 38, 36, 33, 28, 39, 31, 27]
{{4}, {}, {}, {}, {}, {}, {5}, {9, 19}, {1, 18}, {}, {}, {19}, {1, 9}, {1, 18}, {5}, {}, {1, 18}, {}, {}, {}, {}, {}, {}, {}, {}, {}, {}, {}, {}, {}, {}, {}, {}, {}, {}, {}, {}, {}, {}, {}}


{{34}, {20, 22, 23, 30, 31, 34, 37}, {20, 37}, {}, {25, 26, 28, 34, 35, 37}, {20, 22, 23, 24, 25, 26, 27, 28, 31, 32, 34, 35, 36, 37}, {20, 22, 23, 24, 25, 26, 27, 31, 32, 34, 35, 37}, {}, {}, {}, {}, {}, {}, {}, {20, 22, 23, 24, 26, 27, 31, 34, 35, 37}, {20, 22, 37}, {}, {20, 22, 31, 37}, {20, 22, 23, 31, 34, 37}, {34, 37}}
