-0.019  
-0.238  
-0.036  
-0.35  
-0.18  
-0.073  
-0.022  
-0.23  
-0.032  0.025   0.0 -0.073 
-0.02   
-0.521  0.154   0.181   0.144   0.0 -0.214  0.0 0.0 0.027   0.0 -0.027  0.0 0.0 0.0 0.109   -0.109  
-0.472  0.205   0.0 -0.057  
-0.524  
-0.034  0.034   0.018   -0.05   
-4.394  
-0.013  
-0.283  
-0.032  
-0.018  0.002   0.014   -0.014  
-0.024  
-0.288  
-0.035  0.009   0.021   -0.021  
-0.016  
-3.655  3.655   6.394   -7.77   
-0.018  
-0.042  0.018   0.0 -0.011  
-0.102  
-0.016  
-0.045  
-0.36  
-0.07   
-0.058  0.058   0.155   -0.234  
-0.22  
-0.024  
-0.02   0.002   0.047   -0.047  
-0.283  
-0.039  
-0.039  
-0.014  
-0.21  
-0.093  
-0.232  0.232   0.522   -1.028  
-0.282  0.142   0.042   -0.042  
-0.088  
-0.03   0.016   0.0 -0.02   
-0.014  
-0.179  
-0.033  
-0.14    
-0.019  
-0.461  0.159   0.0 -5.278  
-0.188  
-0.022  
-0.28  
-0.07   
-0.146  
-0.108  0.076   0.137   -0.137  
-0.061  
-0.02   
-0.5   
-0.042  0.039   0.0 -0.036  
-0.76  
-0.034  
-0.082  
-0.86   
-0.032  
-0.026  
-1.577  0.391   0.627   0.114   0.253   -0.253  0.0 0.0 0.0 0.332   -0.332  0.0 0.0 0.0 0.006   -0.006  
-0.016  
-0.029  
-0.107  
-0.061  
-0.459  
-0.044  0.023   0.0 -0.061  
-0.01   
-0.175  0.081   0.0 -0.013  
-0.051  
-5.113  
-2.132  1.133   0.0 -0.751  
-0.4    




[2, 3, 4, 5, 6, 7, 8, 10, 12, 13, 14, 15, 9, 16, 11, 1, 0, 17, 18, 19, 22, 23, 24, 25, 26, 27, 28, 30, 32, 33, 34, 35, 29, 36, 31, 21, 20, 37, 38, 39]
{{3, 16}, {16}, {}, {}, {}, {}, {}, {}, {}, {6, 7, 12, 13, 15}, {7}, {3, 12, 15, 16}, {}, {}, {}, {}, {}, {2}, {7, 15, 16}, {12}, {}, {}, {}, {}, {}, {}, {}, {}, {}, {}, {}, {}, {}, {}, {}, {}, {}, {}, {}, {}}


{{}, {29, 30}, {20, 21, 26, 27, 29, 30, 31, 38}, {29}, {26, 28, 29, 30, 34}, {}, {20, 21, 23, 24, 25, 26, 27, 28, 29, 30, 31, 34, 35, 36, 37, 38}, {20, 21, 22, 23, 24, 25, 26, 27, 28, 29, 30, 31, 32, 34, 35, 36, 37, 38, 39}, {20, 21, 23, 26, 27, 28, 29, 30, 31, 35, 38}, {}, {20, 21, 23, 24, 26, 27, 28, 29, 30, 31, 34, 35, 37, 38}, {}, {34, 37}, {20, 21, 26, 27, 28, 29, 30, 31, 34, 37, 38}, {29, 30}, {21, 26, 28, 29, 30, 31, 34, 37, 38}, {20, 21, 23, 26, 27, 28, 29, 30, 31, 34, 35, 38}, {}, {21, 26, 28, 29, 30, 31}, {}}
