-0.028                                                          
-0.2                                                            
-0.23                                                           
-0.108                                                          
-0.027                                                          
-0.72                                                           
-0.057                                                          
-0.08                                                           
-0.453                                                          
-0.506  0.124   0.149   0.031   0   -0.223  0.223   0   0.203   0   -0.203  0   0   0.067   0   -0.067
-0.016                                                          
-0.02                                                           
-0.521  0.154   0.181   0.144   0   -0.214  0   0   0.027   0   -0.027  0   0   0   0.109   -0.109
-0.472  0.205   0   -0.057                                              
-0.524                                                          
-0.034  0.034   0.018   -0.05                                               
-4.394                                                          
-0.013                                                          
-0.283                                                          
-0.032                                                          
-0.018  0.002   0.014   -0.014                                              
-0.024                                                          
-0.288                                                          
-0.035  0.009   0.021   -0.021                                              
-0.016                                                          
-3.655  3.655   6.394   -7.77                                               
-0.018                                                          
-0.042  0.018   0   -0.011                                              
-0.102                                                          
-0.016                                                          
-0.045                                                          
-0.36                                                           
-0.07                                                           
-0.058  0.058   0.155   -0.234                                              
-0.22                                                           
-0.024                                                          
-0.02   0.002   0.047   -0.047                                              
-0.283                                                          
-0.039                                                          
-0.039                                                          
-0.014                                                          
-0.21                                                           
-0.093                                                          
-0.232  0.232   0.522   -1.028                                              
-0.282  0.142   0.042   -0.042                                              
-0.088                                                          
-0.03   0.016   0   -0.02                                               
-0.014                                                          
-0.179                                                          
-0.033                                                          
-0.14                                                           
-0.15                                                           
-0.5                                                            
-0.021                                                          
-0.107                                                          
-0.013                                                          
-0.503                                                          
-0.4                                                            
-0.049  0.014   0.01    -0.01                                               
-0.022                                                          
-0.028  0.014   0   -0.019                                              
-0.014                                                          
-0.124  0.078   0.07    -0.07                                               
-0.035  0.017   0   -0.028                                              
-0.032                                                          
-0.896  0.497   0.187   -0.187                                              
-0.061                                                          
-0.028  0.004   0.016   -0.016                                              
-0.015                                                          
-0.15                                                           
-0.05                                                           
-0.03                                                           
-0.015                                                          
-0.342                                                          
-0.313  0.292   0   -0.224                                              
-0.057                                                          
-0.015                                                          
-0.057  0.03    0   -0.022                                              
-0.028                                                          
-0.017                                                          




[4, 2, 5, 6, 7, 3, 1, 8, 9, 10, 11, 13, 14, 15, 16, 17, 12, 19, 18, 0, 24, 22, 25, 26, 27, 23, 21, 28, 29, 30, 31, 33, 34, 35, 36, 37, 32, 39, 38, 20]
{{1, 3, 4, 7, 11, 14, 17, 19}, {7}, {4}, {7}, {}, {}, {}, {}, {}, {7}, {7}, {7}, {4, 7, 13, 15, 17}, {}, {7}, {7}, {7}, {}, {7, 13, 19}, {7}, {}, {}, {}, {}, {}, {}, {}, {}, {}, {}, {}, {}, {}, {}, {}, {}, {}, {}, {}, {}}



{{20, 36}, {20, 25, 34, 36}, {}, {20, 22, 32, 34, 36}, {20, 21, 22, 25, 32, 34, 36, 37}, {20, 34, 36, 38}, {}, {20, 21, 22, 24, 25, 29, 31, 32, 33, 34, 35, 36, 37, 38, 39}, {20, 21, 22, 23, 24, 25, 26, 28, 29, 30, 31, 32, 33, 34, 35, 36, 37, 38, 39}, {20, 21, 22, 24, 25, 32, 34, 36, 37}, {}, {20, 21, 22, 24, 25, 29, 31, 32, 33, 34, 35, 36, 37, 38}, {}, {20, 29, 34, 36, 38}, {20, 21, 22, 29, 31, 32, 33, 34, 35, 36, 38, 39}, {}, {20, 22, 29, 31, 32, 33, 34, 35, 36, 38, 39}, {20, 21, 22, 24, 25, 32, 34, 35, 36, 37}, {36}, {20, 22, 32, 34, 36}}
