-0.027  
-0.4    
-0.02   
-0.13   
-0.01  
-0.2
-0.171 
-0.196  0.163   0.0 -0.065  
-0.063  0.033   0.028   -0.028  
-0.024  
-0.16   
-0.053  
-0.151  
-0.054  
-0.021  
-0.07   0.003   0.061   -0.061  
-0.163  0.082   0.035   0.035   0.0 -0.07   0.07    0.0 0.0 0.0 -0.029  0.029   0.0 0.0 0.0 -0.064  
-0.35  
-0.016  
-0.65  
-0.016  
-0.02   
-0.03   0.009   0.0 -0.01   
-1.415  0.093   0.0 -0.527  
-0.016  
-0.16  
-0.019
-0.6    
-0.037  0.017   0.02    0.0 0.0 -0.063  0.0 0.031   0.0 0.0 -0.039  0.012   0.0 0.0 0.036   -0.036  
-0.083  
-1.475  0.685   0.021   -0.021  
-0.13   
-0.087  0.048   0.0 -0.023  
-0.049  0.049   0.013   -0.037  
-1.077  0.739   0.439   -0.439  
-0.018  0.002   0.0 -0.008  
-0.53
-0.23   
-0.042  
-0.017  
-0.52   
-0.039  
-0.016  
-0.023  
-6.924  6.213   0.158   -0.158  
-0.092  
-0.12   
-0.202  0.016   0.041   -0.041  
-0.116  
-0.15   
-0.023  
-0.119  0.096   0.129   -0.129  
-0.013  
-0.086  0.069   0.0 -0.015  
-0.705  0.679   1.421   -1.421  
-0.016  
-0.16  
-0.015  
-0.52   
-0.131  
-0.503  0.171   0.149   0.048   0.214   -0.214  0.0 0.0 0.0 0.129   -0.129  0.0 0.0 0.0 0.028   -0.028  
-0.049  0.014   0.01    -0.01   
-0.022  
-0.028  0.014   0.0 -0.019  
-0.153  
-0.02   
-0.5    
-0.24  
-0.045  0.015   0.017   -0.017  
-1.394  1.394   74.21   -105.543    
-0.08   
-0.27   
-0.03   
-0.013  
-0.108  0.046   0.052   -0.052  
-0.013  
-0.223  
-0.74   0.74    0.495   -1.556  
-0.097  0.041   0.0 -0.046  
-0.079  




[0, 3, 4, 5, 6, 8, 9, 10, 12, 2, 13, 15, 16, 17, 11, 7, 1, 18, 19, 14, 20, 23, 24, 25, 26, 28, 29, 30, 32, 22, 33, 35, 36, 37, 31, 27, 21, 38, 39, 34]
{{}, {5, 7, 16, 17}, {10, 12}, {}, {}, {}, {}, {16, 17}, {}, {}, {}, {16, 17}, {}, {0}, {3, 10, 16, 17, 19}, {}, {}, {}, {}, {}, {}, {}, {}, {}, {}, {}, {}, {}, {}, {}, {}, {}, {}, {}, {}, {}, {}, {}, {}, {}}



{{34}, {34}, {}, {22, 23, 24, 34, 35, 39}, {}, {22, 23, 24, 34, 35, 39}, {22, 23, 24, 34, 35, 39}, {22, 34}, {34}, {}, {}, {}, {}, {}, {}, {34}, {21, 22, 26, 27, 31, 34}, {21, 22, 26, 27, 31, 34, 35, 39}, {34, 35, 38}, {21, 22, 34}}
