-0.012  
-0.76  
-0.015  
-0.066  
-0.017  
-0.049  
-0.45  
-0.051  
-0.023  
-0.16  
-0.195  0.078   0.104   0.005   0.0 -0.119  0.0 0.0 0.0 0.0 -0.116  0.116   0.0 0.124   0.0 -0.124  
-0.439  0.439   0.093   -0.323
-0.042  0.018   0.0 -0.011  
-0.102  
-0.016  
-0.045  
-0.36  
-0.07   
-0.058  0.058   0.155   -0.234  
-0.22  
-0.024  
-0.02   0.002   0.047   -0.047  
-0.283  
-0.039  
-0.039  
-0.014  
-0.21  
-0.022  
-0.214   
-0.151  
-0.054  
-0.021  
-0.07   0.003   0.061   -0.061  
-0.27   
-0.03   
-0.013  
-0.108  0.046   0.052   -0.052  
-0.013  
-0.223  
-0.74   0.74    0.495   -1.556  
-0.097  0.041   0.0 -0.046  
-0.079  
-0.14  
-0.05   0.035   0.015   0.0 0.021   -0.057  0.0 0.006   0.0 0.055   -0.055  0.0 0.0 0.0 0.0 -0.056  
-0.363  
-0.086  0.069   0.0 -0.015  
-0.705  0.679   1.421   -1.421  
-0.016      
-0.107  
-0.013  
-0.503  0.171   0.149   0.048   0.214   -0.214  0.0 0.0 0.0 0.129   -0.129  0.0 0.0 0.0 0.028   -0.028  
-0.059  
-0.196  0.145   0.101   -0.101  
-0.052    
-0.023  
-0.017  
-0.242  
-4.055  
-0.015
-0.027  
-0.72   
-0.057  
-0.08   
-0.453  
-0.506  0.124   0.149   0.031   0.0 -0.223  0.223   0.0 0.203   0.0 -0.203  0.0 0.0 0.067   0.0 -0.067  
-0.016  
-0.15   
-0.5    
-0.021
-0.196  0.163   0.0 -0.065  
-0.063  0.033   0.028   -0.028   
-0.15  
-0.021  
-0.45  
-0.293  
-0.017
-0.046  0.046   0.07    -0.136  
-0.141  0.048   0.031   -0.031  
-1.145  1.145   2.03    -4.554  
-0.221  




[1, 2, 3, 4, 5, 8, 10, 11, 12, 7, 13, 14, 15, 16, 17, 9, 6, 0, 18, 19, 21, 22, 23, 24, 25, 28, 30, 31, 32, 27, 33, 34, 35, 36, 37, 29, 26, 20, 38, 39]
{{1, 2, 4, 10, 17}, {}, {}, {}, {}, {}, {12, 17}, {12}, {}, {2, 3, 4, 12, 17}, {}, {}, {}, {}, {}, {}, {}, {}, {}, {}, {}, {}, {}, {}, {}, {}, {}, {}, {}, {}, {}, {}, {}, {}, {}, {}, {}, {}, {}, {}}


{{}, {35}, {35}, {20, 25, 26, 28, 31, 33, 34, 35, 36}, {36}, {35, 36}, {35}, {35}, {20, 28, 31, 33, 35, 36}, {}, {25, 26, 29, 34, 35, 36, 38}, {20, 25, 26, 28, 31, 33, 34, 35, 36}, {23, 25, 26, 27, 29, 34, 35, 36, 38}, {20, 25, 26, 29, 31, 33, 34, 35, 36, 38}, {31, 33, 36}, {20, 25, 26, 29, 34, 35, 36, 38}, {36}, {23, 25, 26, 27, 29, 34, 35, 36, 38}, {23, 25, 26, 27, 29, 34, 35, 36, 38}, {31, 33, 36}}
