-0.014	
-0.179	
-0.033	
-0.14	
-0.013  
-0.556  0.556   0.078   -0.605  
-0.016  0.001   0.008   -0.008  
-0.013 
-0.196  0.163   0.0 -0.065  
-0.063  0.033   0.028   -0.028  
-0.024  
-0.16   
-0.053  
-0.151  
-0.054  
-0.021  
-0.07   0.003   0.061   -0.061  
-0.163  0.082   0.035   0.035   0.0 -0.07   0.07    0.0 0.0 0.0 -0.029  0.029   0.0 0.0 0.0 -0.064  
-0.35  
-0.016  
-0.65  
-0.016  
-0.02   
-0.03   0.009   0.0 -0.01   
-1.415  0.093   0.0 -0.527  
-0.016  
-0.16  
-0.019
-0.6  
-0.02   
-0.521  0.154   0.181   0.144   0.0 -0.214  0.0 0.0 0.027   0.0 -0.027  0.0 0.0 0.0 0.109   -0.109  
-0.472  0.205   0.0 -0.057  
-0.524  
-0.034  0.034   0.018   -0.05   
-4.394  
-0.013  
-0.283  
-0.032  
-0.018  0.002   0.014   -0.014  
-0.024  
-0.093  
-0.232  0.232   0.522   -1.028  
-0.282  0.142   0.042   -0.042  
-0.088  
-0.03   0.016   0.0 -0.02     
-0.037  0.017   0.02    0.0 0.0 -0.063  0.0 0.031   0.0 0.0 -0.039  0.012   0.0 0.0 0.036   -0.036  
-0.083  
-1.475  0.685   0.021   -0.021  
-0.13   
-0.087  0.048   0.0 -0.023  
-0.049  0.049   0.013   -0.037  
-1.077  0.739   0.439   -0.439  
-0.018  0.002   0.0 -0.008  
-0.53
-0.23   
-0.042  
-0.017  
-0.52   
-0.039  
-0.016  
-0.023  
-6.924  6.213   0.158   -0.158  
-0.092  
-0.12   
-0.202  0.016   0.041   -0.041  
-0.116  
-0.15   
-0.02   
-0.017  
-0.103  
-0.037  
-0.233  0.177   0.0 -0.017  
-0.167  0.075   0.084   -0.084  
-0.024     
-0.023  0.0 0.005   -0.005  
-0.027  
-0.039  0.002   0.009   -0.009  
-0.013  
-0.31   
-0.3    




[2, 3, 4, 7, 9, 10, 11, 12, 13, 1, 0, 15, 16, 8, 17, 14, 18, 6, 5, 19, 22, 23, 24, 27, 29, 30, 31, 32, 33, 21, 20, 35, 36, 28, 37, 34, 38, 26, 25, 39]
{{4, 7, 13}, {4, 7, 13}, {}, {}, {}, {1, 4, 7, 9, 10, 13, 14, 16, 17, 18}, {7, 8, 9, 10, 12, 13, 14, 16, 17, 18}, {}, {16}, {}, {}, {}, {}, {}, {10, 17}, {9}, {}, {}, {}, {}, {}, {}, {}, {}, {}, {}, {}, {}, {}, {}, {}, {}, {}, {}, {}, {}, {}, {}, {}, {}}


{{}, {26, 28}, {}, {}, {21, 22, 25, 26, 28, 29, 30, 34, 35, 36, 37, 38}, {26, 28}, {26, 28}, {21, 25, 26, 28, 34, 36, 37}, {21, 25, 26, 28, 34, 36, 37}, {20, 21, 23, 24, 25, 26, 27, 28, 30, 31, 32, 33, 34, 35, 36, 37, 39}, {20, 21, 23, 24, 25, 26, 27, 28, 30, 31, 32, 33, 34, 35, 36, 37, 39}, {25, 26, 28, 34}, {20, 21, 23, 24, 25, 26, 27, 28, 30, 31, 32, 33, 34, 35, 36, 37, 39}, {20, 21, 24, 25, 26, 28, 31, 33, 34, 36, 37}, {20, 21, 24, 25, 26, 27, 28, 31, 32, 34, 36, 37, 39}, {}, {20, 21, 23, 24, 25, 26, 27, 28, 29, 30, 31, 32, 33, 34, 35, 36, 37, 39}, {20, 21, 22, 23, 24, 25, 26, 27, 28, 29, 30, 31, 32, 33, 34, 35, 36, 37, 39}, {20, 21, 25, 26, 27, 28, 31, 32, 34}, {}}
