-0.196  0.163   0.0 -0.065  
-0.063  0.033   0.028   -0.028  
-0.024  
-0.16   
-0.053  
-0.151  
-0.054  
-0.021  
-0.07   0.003   0.061   -0.061  
-0.163  0.082   0.035   0.035   0.0 -0.07   0.07    0.0 0.0 0.0 -0.029  0.029   0.0 0.0 0.0 -0.064  
-0.35  
-0.016  
-0.65  
-0.016  
-0.02   
-0.03   0.009   0.0 -0.01   
-1.415  0.093   0.0 -0.527  
-0.016  
-0.16  
-0.019
-0.6    
-0.037  0.017   0.02    0.0 0.0 -0.063  0.0 0.031   0.0 0.0 -0.039  0.012   0.0 0.0 0.036   -0.036  
-0.083  
-1.475  0.685   0.021   -0.021  
-0.13   
-0.087  0.048   0.0 -0.023  
-0.049  0.049   0.013   -0.037  
-1.077  0.739   0.439   -0.439  
-0.018  0.002   0.0 -0.008  
-0.53
-0.23   
-0.042  
-0.017  
-0.52   
-0.039  
-0.016  
-0.023  
-0.924
-0.092  
-0.12   
-0.202  0.016   0.041   -0.041  
-0.116  
-0.15   
-0.02   
-0.017  
-0.103  
-0.037  
-0.233  0.177   0.0 -0.017  
-0.167  0.075   0.084   -0.084  
-0.024     
-0.023  0.0 0.005   -0.005  
-0.027  
-0.039  0.002   0.009   -0.009  
-0.013  
-0.31   
-0.3    
-0.03   
-0.025  0.014   0.0 -0.099  
-0.058  0.027   0.021   -0.021    
-1.567  1.281   0.252   -0.252  
-0.207 
-0.036  
-0.016  
-0.02   
-0.24  
-0.045  0.015   0.017   -0.017  
-1.394  1.394   74.21   -105.543    
-0.08   
-0.27   
-0.03   
-0.013  
-0.108  0.046   0.052   -0.052  
-0.013  
-0.223  
-0.74   0.74    0.495   -1.556  
-0.097  0.041   0.0 -0.046  
-0.079  
-0.14  
-0.05   0.035   0.015   0.0 0.021   -0.057  0.0 0.006   0.0 0.055   -0.055  0.0 0.0 0.0 0.0 -0.056  


[0, 1, 4, 5, 6, 7, 8, 9, 3, 10, 11, 12, 15, 16, 17, 18, 13, 19, 14, 2, 20, 21, 24, 25, 26, 27, 28, 29, 23, 30, 31, 32, 35, 36, 37, 38, 33, 39, 34, 22]
{{}, {}, {3, 4, 5, 6, 8, 9, 15, 19}, {9}, {}, {}, {}, {}, {}, {}, {}, {}, {5, 6, 8, 9, 10}, {0, 3, 4, 6, 7, 8, 9, 10, 15, 18}, {1, 9, 19}, {}, {}, {}, {}, {}, {}, {}, {}, {}, {}, {}, {}, {}, {}, {}, {}, {}, {}, {}, {}, {}, {}, {}, {}, {}}


{{22, 23, 24, 25, 26, 28, 30, 31, 32, 33, 35, 36, 38}, {32, 33}, {30, 32, 33}, {22, 24, 25, 28, 30, 32, 33, 38}, {22, 24, 25, 28, 30, 32, 33, 38}, {20, 21, 22, 23, 24, 25, 27, 28, 30, 32, 33, 34, 37, 38}, {20, 21, 22, 23, 24, 25, 27, 28, 30, 32, 33, 34, 37, 38}, {22, 33}, {20, 21, 22, 23, 24, 25, 27, 28, 30, 32, 33, 34, 37, 38}, {21, 22, 24, 25, 28, 30, 32, 33, 34, 38}, {20, 21, 22, 23, 24, 25, 27, 28, 30, 31, 32, 33, 34, 37, 38, 39}, {22, 24, 25, 28, 30, 32, 33, 34, 38}, {22, 30, 32, 33, 34, 38}, {}, {}, {20, 22, 30, 32, 33, 34, 37, 38}, {}, {22, 23, 25, 28, 32, 33}, {22, 32, 33}, {30, 32, 33, 34}}