-0.03   
-0.29   
-0.174  
-0.013  
-0.039  0.019   0.044   -0.044  
-0.049  0.014   0.01    -0.01   
-0.022  
-0.028  0.014   0.0 -0.019  
-0.153  
-0.02   
-0.5    
-0.108
-0.027  
-0.72   
-0.057  
-0.08   
-0.453  
-0.506  0.124   0.149   0.031   0.0 -0.223  0.223   0.0 0.203   0.0 -0.203  0.0 0.0 0.067   0.0 -0.067  
-0.016 
-0.02   
-0.521  0.154   0.181   0.144   0.0 -0.214  0.0 0.0 0.027   0.0 -0.027  0.0 0.0 0.0 0.109   -0.109  
-0.472  0.205   0.0 -0.057  
-0.524  
-0.034  0.034   0.018   -0.05   
-4.394  
-0.013  
-0.283  
-0.032  
-0.018  0.002   0.014   -0.014  
-0.024  
-0.288  
-0.035  0.009   0.021   -0.021  
-0.016  
-3.655  3.655   6.394   -7.77   
-0.018  
-0.042  0.018   0.0 -0.011  
-0.102  
-0.016  
-0.045  
-0.36  
-0.07   
-0.058  0.058   0.155   -0.234  
-0.22  
-0.024  
-0.02   0.002   0.047   -0.047  
-0.283  
-0.039  
-0.039  
-0.014  
-0.21  
-0.093  
-0.232  0.232   0.522   -1.028  
-0.282  0.142   0.042   -0.042  
-0.088  
-0.03   0.016   0.0 -0.02   
-0.014  
-0.179  
-0.033  
-0.14    
-0.15   
-0.5    
-0.021  
-0.107  
-0.013  
-0.503  0.171   0.149   0.048   0.214   -0.214  0.0 0.0 0.0 0.129   -0.129  0.0 0.0 0.0 0.028   -0.028  
-0.059  
-0.196  0.145   0.101   -0.101  
-0.052  
-0.016  0.002   0.0 -0.009  
-0.041  0.036   0.0 -0.021  
-0.061  0.005   0.0 -0.06   
-0.4
-0.049  0.014   0.01    -0.01   
-0.022  
-0.028  0.014   0.0 -0.019  
-0.153      
-0.137  0.068   0.0 -0.066  
-0.3    
-0.016  
-0.076  0.05    0.0 -0.035  





[0, 1, 2, 8, 6, 9, 10, 11, 7, 5, 3, 12, 4, 13, 14, 15, 16, 17, 18, 19, 20, 21, 22, 28, 26, 29, 30, 31, 27, 25, 23, 32, 24, 33, 34, 35, 36, 37, 38, 39]

{{}, {}, {}, {1, 11}, {1, 11, 12}, {11}, {1, 8}, {11}, {}, {1}, {}, {}, {}, {11}, {}, {11}, {0, 11}, {1, 12}, {1, 11}, {1, 11}, {}, {}, {}, {}, {}, {}, {}, {}, {}, {}, {}, {}, {}, {}, {}, {}, {}, {}, {}, {}}


{{}, {20, 22, 23, 24, 25, 26, 27, 29, 32, 33, 34, 35, 36, 37, 38, 39}, {}, {22, 24, 32, 33, 36, 37, 39}, {22, 23, 24, 25, 26, 29, 32, 33, 35, 36, 37, 38, 39}, {22, 24, 29, 35, 37, 38}, {}, {22, 24, 26, 37}, {22, 24, 25, 26, 29, 32, 33, 35, 37, 38}, {24}, {}, {20, 21, 22, 23, 24, 25, 26, 28, 29, 32, 33, 34, 35, 36, 37, 38, 39}, {20, 21, 22, 23, 24, 25, 26, 27, 28, 29, 30, 32, 33, 34, 35, 36, 37, 38, 39}, {22, 23, 24, 25, 26, 28, 29, 32, 33, 35, 37, 38}, {}, {21, 22, 23, 24, 25, 26, 28, 29, 32, 33, 35, 36, 37, 38, 39}, {}, {22, 24, 36, 37, 39}, {20, 22, 23, 24, 25, 26, 32, 33, 35, 36, 37, 38, 39}, {}}
