-0.034  
-0.168  0.035   0.0 -1.122  
-0.087  
-0.06   0.031   0.0 -0.017  
-0.159  0.085   0.0 -0.034  
-1.399  0.944   0.497   -0.497  
-0.115  
-0.038  
-0.019
-0.086  0.019   0   -0.06                                               
-1.235                                                          
-0.041  0.041   0.004   -0.031                                              
-0.016                                                          
-0.04                                                           
-0.388  0.234   0.055   -0.055                                              
-0.16   0.128   0.2 -0.2                                                
-0.4    0.037   0.147   0.055   0   -0.175  0   0.175   0.172   0   -0.172  0   0.049   0   0   -0.049
-0.021 
-0.161  0.064   0.046   -0.046  
-0.073  
-0.277
-0.039  
-0.122  
-0.024  
-0.018  
-0.766  
-0.16   
-0.056  
-0.034  
-0.363  
-0.086  0.069   0.0 -0.015  
-0.705  0.679   1.421   -1.421  
-0.016  
-0.016  
-0.017  
-0.023  
-0.043  
-0.015  
-0.021  
-0.113  
-0.055  
-0.149  
-0.035  
-0.019  
-0.062  
-0.015  
-0.036  
-0.064  
-0.115  
-14.479 14.39   3.749   -3.749  
-0.072  
-0.09   0.029   0.013   -0.013  
-0.051  0.004   0.006   0.03    0.0 -0.031  0.0 0.0 0.0 0.009   -0.009  0.0 0.0 0.0 0.0 -0.025  
-0.052  
-0.19  
-0.023  
-0.024  
-0.229                                                           
-0.21                                                           
-0.108                                                          
-0.16   0.055   0.075   -0.075                                              
-0.3                                                            
-0.063  0.037   0   -0.041                                              
-0.015                                                          
-0.37   0.207   0.032   -0.032                                              
-2.15                                                           
-0.063  0.008   0   -0.022                                              
-0.082                                                          
-0.128  0.074   0.064   -0.064                                                
-0.016  
-0.025  
-0.022  
-0.105  0.047   0.0 -0.034  
-0.034  0.01    0.037   -0.037  
-1.99   1.99    9.445   -20.964 
-0.018  
-0.251  0.082   0.151   -0.151  
-0.164  0.122   0.0 -1.906  
-0.094  
-0.024  



[1, 2, 4, 5, 3, 0, 7, 8, 9, 10, 11, 13, 14, 15, 16, 17, 6, 18, 12, 19, 21, 22, 24, 25, 23, 20, 27, 28, 29, 30, 31, 33, 34, 35, 36, 37, 26, 38, 32, 39]
{{5}, {}, {}, {5}, {}, {}, {1, 7, 11, 16, 17}, {}, {5}, {}, {}, {}, {7, 9, 18}, {5}, {2}, {}, {}, {}, {}, {7}, {}, {}, {}, {}, {}, {}, {}, {}, {}, {}, {}, {}, {}, {}, {}, {}, {}, {}, {}, {}}


{{28, 32}, {20, 23, 26, 28, 30, 32, 33, 35}, {28, 32}, {20, 23, 26, 28, 30, 32, 33, 38}, {}, {20, 21, 23, 24, 26, 27, 28, 29, 30, 32, 33, 35, 36, 37, 38, 39}, {}, {26, 28, 32}, {26, 28, 32, 35}, {28, 32}, {20, 23, 26, 28, 29, 30, 32, 33, 38}, {20, 23, 26, 28, 30, 32, 33, 38}, {}, {20, 23, 28, 30, 32, 33, 38}, {32}, {}, {}, {}, {21, 23, 26, 28, 32, 34, 35}, {32}}
