-0.017  0.007   0.0 -0.026  
-0.021  
-0.16   
-0.24   
-0.067  
-1.835  0.918   0.017   -0.017  
-0.014  
-0.05   
-0.026  
-0.043  0.043   0.072   -0.131  
-0.17   
-0.024
-0.054  
-0.16   0.106   0.105   -0.105  
-0.018  0.002   0.0 -0.011  
-0.03   
-0.015  
-0.08   0.005   0.0 -0.167  
-1.03   
-0.3    
-0.444  0.319   0.222   -0.222  
-0.181  0.024   0.034   0.101   0.0 -0.103  0.0 0.0 0.064   0.0 -0.064  0.0 0.0 0.022   0.0 -0.022  
-0.057  
-0.15   
-0.5    
-0.027  
-0.72   
-0.057  
-0.08   
-0.453  
-0.506  0.124   0.149   0.031   0.0 -0.223  0.223   0.0 0.203   0.0 -0.203  0.0 0.0 0.067   0.0 -0.067  
-0.016  
-0.15   
-0.5    
-0.021  
-0.107  
-0.013  
-0.503  0.171   0.149   0.048   0.214   -0.214  0.0 0.0 0.0 0.129   -0.129  0.0 0.0 0.0 0.028   -0.028  
-0.059  
-0.196  0.145   0.101   -0.101  
-0.052  
-0.016  0.002   0.0 -0.009  
-0.041  0.036   0.0 -0.021  
-0.061  0.005   0.0 -0.06   
-0.4
-0.049  0.014   0.01    -0.01   
-0.022  
-0.028  0.014   0.0 -0.019  
-0.153  
-4.067  2.833   0.0 -1.038  
-0.025  
-1.013    
-0.02   
-0.521  0.154   0.181   0.144   0.0 -0.214  0.0 0.0 0.027   0.0 -0.027  0.0 0.0 0.0 0.109   -0.109  
-0.472  0.205   0.0 -0.057  
-0.524  
-0.034  0.034   0.018   -0.05   
-4.394  
-0.013  
-0.283  
-0.032  
-0.018  0.002   0.014   -0.014  
-0.024  
-0.093  
-0.232  0.232   0.522   -1.028  
-0.282  0.142   0.042   -0.042  
-0.088  
-0.03   0.016   0.0 -0.02   
-0.014  
-0.179  
-0.033  
-0.14   
-0.013  
-0.556  0.556   0.078   -0.605  
-0.016  0.001   0.008   -0.008  
-0.013 
-0.015  
-1.327  
-0.111  0.04    0.01    -0.01   
-0.384  




[0, 2, 3, 4, 5, 6, 7, 9, 10, 12, 13, 11, 1, 14, 15, 8, 16, 17, 18, 19, 20, 22, 23, 24, 25, 26, 27, 29, 30, 32, 33, 31, 21, 34, 35, 28, 36, 37, 38, 39]
{{}, {13}, {}, {}, {}, {}, {}, {}, {4, 5, 6, 10, 12, 13, 15}, {}, {}, {13}, {}, {}, {12, 13}, {}, {12, 13}, {}, {4, 15}, {}, {}, {}, {}, {}, {}, {}, {}, {}, {}, {}, {}, {}, {}, {}, {}, {}, {}, {}, {}, {}}


{{29, 36}, {24, 25, 27, 28, 29, 36, 38, 39}, {21, 23, 25, 28, 29, 31, 34, 35, 36, 38, 39}, {29, 36}, {21, 23, 25, 28, 29, 31, 34, 36, 38, 39}, {21, 24, 25, 27, 28, 29, 31, 32, 34, 35, 36, 38, 39}, {21, 25, 28, 29, 31, 34, 35, 36, 38, 39}, {28, 29, 34, 36, 38, 39}, {28, 29, 34, 36, 39}, {24, 25, 27, 28, 38, 39}, {21, 25, 28, 29, 31, 34, 35, 36, 38, 39}, {25, 28, 29, 34, 36, 38, 39}, {21, 24, 25, 27, 28, 29, 31, 34, 35, 36, 38, 39}, {24, 25, 27, 28, 29, 31, 34, 35, 36, 38, 39}, {25, 28, 38}, {21, 23, 25, 28, 29, 31, 34, 35, 36, 38, 39}, {25, 28, 38}, {28, 29, 34, 36, 38, 39}, {}, {21, 25, 28, 29, 31, 34, 35, 36, 38, 39}}
