-0.027  
-0.72   
-0.057  
-0.08   
-0.453  
-0.506  0.124   0.149   0.031   0.0 -0.223  0.223   0.0 0.203   0.0 -0.203  0.0 0.0 0.067   0.0 -0.067  
-0.016  
-0.15
-0.02   
-0.521  0.154   0.181   0.144   0.0 -0.214  0.0 0.0 0.027   0.0 -0.027  0.0 0.0 0.0 0.109   -0.109  
-0.472  0.205   0.0 -0.057  
-0.524  
-0.034  0.034   0.018   -0.05   
-4.394  
-0.013  
-0.283  
-0.032 
-0.084  
-0.279  
-0.13   
-0.016  
-0.03   0.012   0.032   -0.032  
-0.053  0.044   0.0 -0.039  
-0.021  
-0.24   
-0.014  
-0.166  
-0.027
-0.029  
-0.28   
-1.967  
-0.021  
-0.098  
-0.061  0.033   0.0 -0.01   
-0.014  
-0.521  0.154   0.181   0.144   0.0 -0.214  0.0 0.0 0.027   0.0 -0.027  0.0 0.0 0.0 0.109   -0.109  
-0.333  0.173   0.0 -0.047  
-0.013  
-0.22   
-0.354  0.125   0.151   -0.151  
-0.028  
-0.036  0.033   0.0 -0.048  
-0.24   0.044   0.175   -0.175  
-0.022  
-0.9    
-0.2    
-0.472  0.205   0.0 -0.057  
-0.524    
-0.185  0.185   0.485   -0.572  
-0.025  
-0.14   
-0.025  
-0.081  
-0.022  
-0.21   
-0.013  
-0.128  0.044   0.012   0.03    0.061   -0.061  0.0 0.0 0.051   0.0 -0.051  0.0 0.0 0.0 0.088   -0.088   
-0.018  0.002   0.014   -0.014  
-0.024  
-0.093  
