-0.034  
-0.168  0.035   0.0 -1.122  
-0.087  
-0.06   0.031   0.0 -0.017  
-0.159  0.085   0.0 -0.034  
-1.399  0.944   0.497   -0.497  
-0.115  
-0.038  
-0.019
-0.086  0.019   0   -0.06                                               
-1.235                                                          
-0.041  0.041   0.004   -0.031                                              
-0.016                                                          
-0.04                                                           
-0.388  0.234   0.055   -0.055                                              
-0.16   0.128   0.2 -0.2                                                
-0.4    0.037   0.147   0.055   0   -0.175  0   0.175   0.172   0   -0.172  0   0.049   0   0   -0.049
-0.021 
-0.027  
-0.72   
-0.057  
-0.08   
-0.453  
-0.506  0.124   0.149   0.031   0.0 -0.223  0.223   0.0 0.203   0.0 -0.203  0.0 0.0 0.067   0.0 -0.067  
-0.016  
-0.15
-0.02   
-0.521  0.154   0.181   0.144   0.0 -0.214  0.0 0.0 0.027   0.0 -0.027  0.0 0.0 0.0 0.109   -0.109  
-0.472  0.205   0.0 -0.057  
-0.524  
-0.034  0.034   0.018   -0.05   
-4.394  
-0.013  
-0.283  
-0.032  
-0.018  0.002   0.014   -0.014  
-0.024  
-0.093  
-0.232  0.232   0.522   -1.028  
-0.282  0.142   0.042   -0.042  
-0.088  
-0.03   0.016   0.0 -0.02   
-0.014  
-0.179  
-0.033  
-0.14      
-0.5    
-0.021  
-0.107  
-0.013  
-0.503  0.171   0.149   0.048   0.214   -0.214  0.0 0.0 0.0 0.129   -0.129  0.0 0.0 0.0 0.028   -0.028  
-0.059  
-0.196  0.145   0.101   -0.101  
-0.052  
-0.016  0.002   0.0 -0.009  
-0.041  0.036   0.0 -0.021  
-0.061  0.005   0.0 -0.06   
-0.4                                                         
-0.21                                                           
-0.108                                                          
-0.16   0.055   0.075   -0.075                                              
-0.3                                                            
-0.063  0.037   0   -0.041                                              
-0.015                                                          
-0.37   0.207   0.032   -0.032                                              
-2.15                                                           
-0.063  0.008   0   -0.022                                              
-0.082                                                          
-0.128  0.074   0.064   -0.064                                                
-0.016  
-0.025  
-0.022  
-0.105  0.047   0.0 -0.034  
-0.034  0.01    0.037   -0.037  
-1.99   1.99    9.445   -20.964 
-0.018  
-0.251  0.082   0.151   -0.151  
-0.164  0.122   0.0 -1.906  
-0.094  
-0.024  



[0, 1, 3, 2, 4, 5, 7, 8, 10, 11, 13, 14, 16, 17, 15, 9, 6, 18, 12, 19, 20, 21, 23, 22, 24, 25, 27, 28, 30, 31, 33, 34, 36, 37, 35, 29, 26, 38, 32, 39]


{{}, {}, {3}, {}, {}, {}, {3, 17}, {}, {}, {3, 17}, {3}, {}, {3, 17, 18}, {}, {}, {0, 3, 4, 11, 17}, {4}, {}, {3, 17}, {}, {}, {}, {}, {}, {}, {}, {}, {}, {}, {}, {}, {}, {}, {}, {}, {}, {}, {}, {}, {}}

{{21, 32}, {21, 22, 25, 26, 28, 30, 32, 33, 35}, {21, 32}, {21, 22, 25, 26, 28, 30, 32, 33, 38}, {21}, {21, 22, 23, 25, 26, 28, 29, 30, 32, 33, 35, 36, 37, 38, 39}, {21}, {21, 25, 26, 32}, {21, 22, 25, 26, 32, 35}, {32}, {21, 22, 32, 33}, {21, 22, 25, 26, 28, 29, 30, 32, 33, 38}, {21}, {21, 27, 32}, {32}, {}, {}, {21, 25, 26, 27, 32, 34, 35}, {21, 32}, {21, 22, 25, 26, 28, 30, 32, 33}}
