-2.052	0.254	0.979	0.433	0.0	-0.842	0.0	0.842	0.0	0.841	-0.841	0.0	0.0	0.0	0.0	-0.765	
-0.016	
-0.15	0.091	0.0	-0.107	
-0.018	
-0.021	0.004	0.0	-0.046	
-0.17	
-0.018	
-0.023	
-0.093	0.093	0.43	-0.966	
-0.112	0.112	1.166	-2.304	
-0.129	0.065	0.04	-0.04	
-0.093	0.06	0.054	-0.054	
-0.21	
-0.067	
-0.145	
-0.208	0.129	0.043	-0.043	
-0.014	
-0.23	
-0.227	0.083	0.212	-0.212	
-0.209	0.041	0.441	-0.441	
-0.029	0.009	0.0	-0.015	
-0.078	
-0.766  
-0.043  
-0.16   
-0.056  
-0.363  
-0.705  0.679   1.421   -1.421  
-0.016  
-0.6  
-0.017  
-0.086  0.069   0.0 -0.015  




{{4}, {4}, {4}, {4}, {}, {4}, {}, {}, {}, {}, {}, {}, {}, {}, {}, {}}


{{8, 9, 10, 12, 13, 14}, {8, 10, 14}, {8, 14}, {8, 14}, {8, 10, 14}, {8, 10, 14, 15}, {8, 9, 10, 14}, {8, 9, 10, 14}}

