-0.092  0.092   0.079   -0.127                                              
-0.016                                                          
-0.66   0.302   0.023   -0.023                                              
-0.196  0.196   0.133   -0.279                                              
-0.1    0.074   0.126   -0.126                                              
-0.472                                                          
-0.122                                                          
-0.022  0.002   0   -0.006                                              
-0.017                                                          
-1.587  0.288   0.054   -0.054                                              
-0.048  0.023   0   -0.015                                              
-0.515  0.283   0   -0.041                                              
-0.016                                                          
-0.081                                                          
-0.585  0.498   0.488   -0.488                                              
-0.252                                                          
-1.431  1.097   0   -0.011                                              
-0.196  0.196   0.133   -0.279                                              
-0.433  0.089   0.082   0.062   0   -0.05   0.05    0   0.109   0   -0.109  0   0   0   0   -0.098
-0.013  
-0.197  
-0.5  
-1.145  1.145   2.03    -4.554  
-0.221  
-0.272  0.117   0.014   -0.014  
-0.3  
-0.23  
-0.039  0.013   0.0 -0.03   
-0.589  
-0.036  0.006   0.033   -0.033  
-0.054  
-0.23   



{{}, {}, {3, 5}, {}, {3}, {}, {}, {3}, {}, {}, {}, {}, {}, {}, {}, {}}
{{8, 12}, {12}, {}, {8, 12, 15}, {}, {8, 12}, {12}, {12}}
