-0.6    
-0.037  0.017   0.02    0.0 0.0 -0.063  0.0 0.031   0.0 0.0 -0.039  0.012   0.0 0.0 0.036   -0.036  
-0.083  
-1.475  0.685   0.021   -0.021  
-0.13   
-0.087  0.048   0.0 -0.023  
-0.049  0.049   0.013   -0.037  
-1.077  0.739   0.439   -0.439  
-0.018  0.002   0.0 -0.008  
-0.53   
-0.663  0.184   0.0 -0.161  
-0.024  0.016   0.0 -0.017  
-0.3   
-0.072  
-0.03   0.011   0.066   -0.066  
-0.13    
-0.03   
-0.025  0.014   0.0 -0.099  
-4.811  1.12    1.267   1.072   0.0 -0.172  0.0 0.0 0.716   0.0 -0.716  0.0 0.0 0.0 0.27    -0.27   
-0.058  0.027   0.021   -0.021  
-0.617  0.11    0.082   0.195   0.233   -0.233  0.0 0.0 0.0 0.0 -0.122  0.122   0.0 0.062   0.0 -0.062    
-0.028  
-0.171  
-0.023  
-0.015  
-0.52   
-0.131  
-0.252  0.134   0.0 -0.015  
-0.091  
-0.14   
-0.22   
-0.1    



{{}, {}, {}, {}, {0, 1, 2, 5, 6, 7}, {}, {}, {}, {}, {}, {}, {}, {}, {}, {}, {}}
{{8, 10, 11, 12, 13, 14, 15}, {8, 10, 12}, {10, 12, 14}, {}, {}, {8, 10, 11, 12, 13, 14, 15}, {12, 14, 15}, {12}}
