-0.67   0.592   0.33    -0.33                                               
-0.2                                                            
-0.23                                                           
-0.014                                                          
-0.124  0.078   0.07    -0.07                                               
-0.035  0.017   0   -0.028                                              
-0.032                                                          
-0.896  0.497   0.187   -0.187                                              
-0.061                                                          
-0.028  0.004   0.016   -0.016                                              
-0.015                                                          
-0.15                                                           
-0.05                                                           
-0.718  0.151   0.214   0.258   0.111   -0.111  0   0   0   0   -0.209  0   0   0   0   -0.017
-0.015                                                          
-0.342                                                          
-0.313  0.292   0   -0.224                                              
-0.057                                                          
-0.452  0.137   0.089   0.151   0   -0.007  0   0   0.054   0   -0.054  0   0   0   0   -0.046
-0.057  0.03    0   -0.022                                              
-0.231  0.147   0.134   -0.134                                              
-0.185  0.185   0.485   -0.572                                              
-0.459                                                          
-0.044  0.023   0   -0.061                                              
-0.01                                                           
-0.175  0.081   0   -0.013                                              
-0.051                                                          
-5.113                                                          
-2.132  1.133   0   -0.751                                              
-0.4                                                            
-0.065                                                          
-0.061                                                          





{{}, {}, {}, {}, {}, {6}, {}, {0, 3}, {}, {}, {}, {}, {}, {}, {}, {}}

{{}, {8, 9, 10, 12, 13, 15}, {9}, {}, {9, 10, 12, 13}, {}, {}, {}}
