-0.02                                                           
-0.521  0.154   0.181   0.144   0   -0.214  0   0   0.027   0   -0.027  0   0   0   0.109   -0.109
-0.472  0.205   0   -0.057                                              
-0.524                                                          
-0.035  0.005   0   -0.005                                              
-4.394                                                          
-2.85   1.319   0   -0.037                                              
-0.049  0.015   0   -0.015                                                                                          
-0.018  0.002   0.014   -0.014                                              
-0.024                                                          
-0.118  0.002   0   -0.033                                              
-0.282  0.142   0.042   -0.042                                                                                      
-0.179                                                          
-0.033                                                          
-0.595  0.362   0   -0.184                                              
-0.013                                                          
-0.481  0.373   0.413   -0.413                                              
-0.232  0.232   0.522   -1.028                                              
-0.08   0.005   0.0 -0.167  
-1.03   
-0.3    
-0.444  0.319   0.222   -0.222  
-0.057  
-0.15   
-0.5    
-4.067  2.833   0.0 -1.038  
-0.025  
-1.013  
-0.05   
-0.105  0.015   0.04    -0.04   
-0.21   
-0.155  0.12    0.075   -0.075  


{{7}, {7}, {1,7}, {1,2,7}, {7}, {7}, {7}, {}, {}, {}, {}, {}, {}, {}, {}, {}}
{{}, {9, 13}, {}, {8, 13, 14}, {}, {8, 9, 11, 13, 14}, {8, 9, 11, 13, 14}, {8, 9, 11, 13, 14}}
