-0.014                                                          
-0.041  0.011   0.017   -0.017                                              
-0.111  0.019   0.012   0.014   0   -0.013  0   0.013   0   0   -0.03   0   0   0   0   -0.057
-0.018                                                          
-0.265  0.214   0   -0.048                                              
-0.039                                                          
-0.02                                                           
-0.107  0.034   0.027   0   0   -0.067  0   0.006   0   0   -0.054  0.054   0.039   0   0   -0.039
-0.104                                                          
-0.172  0.073   0   -0.01                                               
-0.739  0.397   0   -0.326                                              
-0.044                                                          
-0.039  0.012   0   -0.008                                              
-0.257  0.133   0.054   -0.054                                              
-0.017                                                          
-0.227  0.227   0.471   -1.945                                              
-0.016                                                          
-0.238  0.238   0.138   -0.171                                              
-0.258  0.153   0   -0.073                                              
-0.053                                                          
-0.031  0.018   0   -0.028                                              
-0.2                                                            
-0.047  0.014   0   -0.032                                              
-0.04                                                           
-0.013                                                          
-0.148                                                          
-0.124  0.078   0.07    -0.07                                               
-0.014                                                          
-0.035                                                          
-0.896  0.497   0.187   -0.187                                              
-0.019                                                          
-0.024  0.024   0.049   -0.504                                              



{{1}, {}, {1}, {1}, {1}, {}, {1}, {}, {}, {}, {}, {}, {}, {}, {}, {}}

{{12}, {8, 10, 12, 15}, {10, 11, 12, 14}, {12}, {9, 10, 11, 12, 14, 15}, {9, 10, 12, 14}, {12}, {}}

