-0.013                                                          
-0.05   0.017   0   -0.018                                              
-0.059  0.011   0.02    0.028   0   -0.023  0   0   0   0   -0.034  0   0   0   0.016   -0.016
-0.148  0.124   0   -0.103                                              
-0.084                                                          
-0.014                                                          
-0.046  0.014   0.034   -0.034                                              
-0.027                                                          
-0.283  0.233   0.498   -0.498                                              
-0.3                                                            
-0.108  0.073   0.227   -0.227                                              
-0.029  0.01    0   -0.009                                              
-0.601  0.601   0.111   -0.147                                              
-0.135  0.059   0.033   -0.033                                              
-0.111                                                          
-0.056     
-0.896  0.497   0.187   -0.187  
-0.061  
-0.028  0.004   0.016   -0.016  
-0.015  
-0.15   
-0.05   
-0.03   
-0.015  
-0.342  
-0.313  0.292   0.0 -0.224  
-0.057  
-0.015  
-0.057  0.03    0.0 -0.022                                                       
-0.24                                                           
-0.073                                                          
-3.056  2.528   1.799   -1.799                                              


{{2}, {2}, {}, {2}, {}, {2}, {2}, {}, {}, {}, {}, {}, {}, {}, {}, {}}

{{}, {}, {9, 11, 13, 14, 15}, {}, {}, {9, 14}, {14}, {8, 14, 15}}

