-0.161  0.064   0.046   -0.046                                              
-0.073                                                          
-0.987  0.806   0.181   0   0   -1.785  0.649   0.407   0.609   0   -0.609  0   0   0   0.427   -0.427
-0.039                                                          
-0.03   0.014   0   -0.011                                              
-0.126  0.07    0.056   -0.056                                              
-0.031                                                          
-0.134  0.019   0   -0.031                                              
-0.07   0.046   0   -0.031                                              
-0.03   0.014   0   -0.011                                              
-0.184
-0.161  0.064   0.046   -0.046  
-0.073  
-0.144
-0.039  
-0.122  
-0.024  
-0.18  
-0.766  
-0.556  0.556   0.078   -0.605  
-0.1  
-0.056  
-0.034  
-0.363                                                            
-0.031                                                          
-0.153  0.106   0   -0.051                                              
-0.07   0.046   0   -0.031                                              
-0.705  0.679   1.421   -1.421                                              
-0.016                                                          
-0.16                                                           
-0.017                                                          
-0.086  0.069   0   -0.015                                              
                                          


{{5}, {5}, {5}, {5}, {5}, {}, {5}, {}, {}, {}, {}, {}, {}, {}, {}, {}}
{{8, 14}, {8, 10, 11, 12, 14}, {}, {8, 14}, {8, 14, 15}, {8, 10, 11, 12, 14}, {8, 11, 14}, {8, 11, 14}}
