-0.13                                                           
-0.392  0.221   0.031   -0.031                                              
-0.187                                                          
-0.029                                                          
-1.022                                                          
-0.047  0.014   0   -0.032                                              
-0.04                                                           
-0.024  0.024   0.049   -0.504                                              
-0.013                                                          
-0.081  0.063   0   -0.117                                              
-0.077  0.034   0   -0.007                                              
-0.148  0.038   0   -0.08                                               
-0.052  0.041   0   0.01    0   -0.068  0.007   0   0   0   -0.072  0.032   0   0   0.064   -0.064
-0.363  0.115   0.059   0.125   0   -0.096  0.096   0   0   0   -0.019  0   0   0   0.101   -0.101
-0.033  0.024   0   -0.017                                              
-0.084  
-0.279  
-0.13   
-0.016  
-0.03   0.012   0.032   -0.032  
-0.053  0.044   0.0 -0.039  
-0.021  
-0.24   
-0.014  
-0.166  
-0.027  
-0.185  0.185   0.485   -0.572  
-0.025  
-0.137  0.137   0.065   -0.256                                              
-0.07   0.046   0   -0.031                                              
-0.078  0.078   0.925   -1.369                                                                                         
-0.014                       



{{3}, {3}, {3}, {}, {3}, {3}, {}, {3}, {}, {}, {}, {}, {}, {}, {}, {}}
{{10, 13, 14}, {}, {8}, {13}, {}, {}, {13}, {}}
