-0.313  0.292   0   -0.224                                              
-0.057                                                          
-0.037  0.026   0   -0.025                                              
-0.057                                                          
-0.057  0.014   0   -0.03                                               
-0.028                                                          
-0.2                                                            
-0.047  0.014   0   -0.032                                              
-0.04                                                           
-0.024  0.024   0.049   -0.504                                              
-0.013                                                          
-0.081  0.063   0   -0.117                                              
-0.077  0.034   0   -0.007                                              
-0.148                                                          
-0.052  0.041   0   0.01    0   -0.068  0.007   0   0   0   -0.072  0.032   0   0   0.064   -0.064
-0.033  0.024   0   -0.017                                              
-0.124  0.078   0.07    -0.07                                               
-0.23                                                           
-0.014                                                          
-0.035                                                          
-0.032                                                          
-0.896  0.497   0.187   -0.187                                              
-0.061                                                          
-0.028  0.004   0.016   -0.016                                              
-0.015                                                          
-0.018  0.006   0   -0.072                                              
-0.06                                                           
-0.243  0.187   0.075   -0.075                                              
-0.138  0.114   0   -0.075                                              
-0.014                                                          
-0.13                                                           
-0.57   0.144   0.299   0.015   0   -0.061  0.061   0   0   0   -0.287  0.287   0.2 0   0   -0.2

{{}, {3, 4}, {}, {}, {}, {}, {}, {}, {}, {}, {}, {}, {}, {}, {}, {}}
{{8, 10}, {}, {8, 9, 10}, {8, 9, 10}, {8, 9, 10}, {}, {}, {8, 9, 12}}
