-0.128  0.044   0.012   0.03    0.061   -0.061  0   0   0.051   0   -0.051  0   0   0   0.088   -0.088
-0.03                                                           
-0.027                                                          
-0.096  0.033   0   -0.057                                              
-0.27                                                           
-0.112  0.037   0.015   -0.015                                              
-0.082                                                          
-0.15                                                           
-0.034  0.025   0   -0.021                                              
-0.015                                                          
-0.06                                                           
-0.04   0.001   0   -0.008                                              
-0.265  0.131   0.063   -0.063                                              
-4.851  2.008   0.194   -0.194                                              
-0.086                                                          
-0.31   0.15    0.077   -0.077                                              
-0.013                                                          
-0.061  0.031   0   -0.008                                              
-0.009                                                          
-0.051                                                          
-0.556  0.458   0.145   -0.145                                              
-0.03   0.014   0   -0.011                                              
-0.126  0.07    0.056   -0.056                                              
-0.031                                                          
-0.134  0.019   0   -0.031                                              
-0.07   0.046   0   -0.031                                              
-0.03   0.014   0   -0.011                                              
-0.016                                                          
-0.16                                                           
-1.443  0   0.752   0   0.43    -1.836  0.86    0.546   0   0.553   -0.553  0   0   1.766   0   -1.766
-0.184                                                          
-0.031                                                                                                                 



{{}, {5}, {}, {}, {}, {}, {}, {}, {}, {}, {}, {}, {}, {}, {}, {}}
{{9}, {}, {9, 11, 12, 14, 15}, {}, {9, 13}, {9}, {}, {9}}
