-0.016	
-0.03	0.012	0.032	-0.032	
-0.053	0.044	0.0	-0.039	
-0.118  0.094   0.0 -0.012 
-0.109  0.109   1.159   -1.49   
-0.126  0.015   0.111   0.0 0.0 -0.039  0.011   0.028   0.091   0.0 -0.158  0.0 0.049   0.0 0.0 -0.049  
-0.166	
-0.027	
-0.185	0.185	0.485	-0.572	
-0.02	
-0.14	
-0.05	
-0.106  0.064   0.0 -0.011  
-0.118  0.094   0.0 -0.012  
-0.21	
-0.013	
-0.128  0.044   0.012   0.03    0.061   -0.061  0.0 0.0 0.051   0.0 -0.051  0.0 0.0 0.0 0.088   -0.088  
-0.069  
-0.024  0.002   0.026   -0.026  
-0.31   0.15    0.077   -0.077  
-0.08  
-0.74   0.74    0.495   -1.556  
-0.097  0.041   0.0 -0.046  
-0.079  
-2.14  
-0.04  
-0.056  
-0.205  
-0.02   
-12.771 12.771  7.502   -7.609  
-0.108  
-0.14   0.05    0.0 -0.146  


{{}, {}, {}, {}, {}, {7}, {}, {}, {}, {}, {}, {}, {}, {}, {}, {}}
{{8}, {8, 9, 14}, {8, 9, 14}, {8, 9, 10, 11, 13, 14, 15}, {8, 9, 14}, {8, 10, 11, 13, 14, 15}, {8}, {8, 9, 10, 11, 13, 14, 15}}
