-0.026  
-1.577  0.391   0.627   0.114   0.253   -0.253  0.0 0.0 0.0 0.332   -0.332  0.0 0.0 0.0 0.006   -0.006  
-0.016  
-0.097  0.085   0.0 -0.044  
-6.863  5.172   1.849   -1.849  
-0.13  
-0.501
-0.08  
-0.74   0.74    0.495   -1.556  
-0.097  0.041   0.0 -0.046  
-0.079  
-2.14  
-0.05   0.035   0.015   0.0 0.021   -0.057  0.0 0.006   0.0 0.055   -0.055  0.0 0.0 0.0 0.0 -0.056  
-0.04  
-0.032  0.012   0.053   -0.053  
-2.696  1.259   0.291   -0.291  
-0.056  
-0.205  
-0.02   
-0.771
-0.108  
-0.14   0.05    0.0 -0.146  
-1.077  0.739   0.439   -0.439  
-0.018  0.002   0.0 -0.008  
-0.53   
-0.663  0.184   0.0 -0.161  
-0.024  0.016   0.0 -0.017  
-0.3   
-0.072  
-0.03   0.011   0.066   -0.066  
-0.13    
-0.03   


{{}, {}, {}, {}, {}, {2}, {}, {}, {}, {}, {}, {}, {}, {}, {}, {}}
{{9, 13}, {13}, {8, 13}, {13}, {8, 9, 10, 13}, {}, {13}, {13}}
