-0.016                                                          
-0.094  0.044   0   -0.011                                              
-0.053  0.044   0   -0.039                                              
-1.033  1.033   0.65    -1.453                                              
-0.109  0.109   1.159   -1.49                                               
-0.126  0.015   0.111   0   0   -0.039  0.011   0.028   0.091   0   -0.158  0   0.049   0   0   -0.049
-0.166                                                          
-0.027                                                          
-0.185  0.185   0.485   -0.572                                              
-0.02                                                           
-0.106  0.064   0   -0.011                                              
-0.118  0.094   0   -0.012                                              
-0.21                                                           
-0.015  0.001   0   -0.013                                              
-0.128  0.044   0.012   0.03    0.061   -0.061  0   0   0.051   0   -0.051  0   0   0   0.088   -0.088
-0.096                                                          
-0.013                                                          
-0.3                                                            
-0.262                                                          
-0.051                                                          
-0.022                                                          
-0.428  0.145   0   -0.012                                              
-0.024                                                          
-0.053  0.028   0   -0.037                                              
-0.021                                                          
-0.015                                                          
-0.6                                                            
-0.148  0.097   0   -0.086                                              
-0.024                                                          
-0.18                                                           
-0.766                                                          
-0.14                                                           


{{6}, {}, {}, {}, {}, {}, {}, {}, {}, {}, {}, {}, {}, {}, {}, {}}
{{8}, {}, {8, 10}, {8, 11, 14}, {8}, {8}, {8, 10, 11, 12, 14}, {8}}
