-0.026  
-1.577  0.391   0.627   0.114   0.253   -0.253  0.0 0.0 0.0 0.332   -0.332  0.0 0.0 0.0 0.006   -0.006  
-0.016  
-0.097  0.085   0.0 -0.044  
-6.863  5.172   1.849   -1.849  
-0.13  
-0.501
-0.08  
-0.74   0.74    0.495   -1.556  
-0.097  0.041   0.0 -0.046  
-0.079  
-2.14  
-0.05   0.035   0.015   0.0 0.021   -0.057  0.0 0.006   0.0 0.055   -0.055  0.0 0.0 0.0 0.0 -0.056  
-0.04  
-0.032  0.012   0.053   -0.053  
-2.696  1.259   0.291   -0.291  
-0.056  
-0.029  
-0.28   
-1.967  
-0.021  
-0.098  
-0.061  0.033   0.0 -0.01   
-0.014  
-0.521  0.154   0.181   0.144   0.0 -0.214  0.0 0.0 0.027   0.0 -0.027  0.0 0.0 0.0 0.109   -0.109  
-0.333  0.173   0.0 -0.047  
-0.013  
-0.22   
-0.354  0.125   0.151   -0.151  
-0.028  
-0.036  0.033   0.0 -0.048  
-0.24   0.044   0.175   -0.175      



{{}, {}, {}, {}, {}, {2}, {}, {0}, {}, {}, {}, {}, {}, {}, {}, {}}
{{10, 12, 13, 15}, {12, 13}, {9, 13, 15}, {9, 10, 13, 15}, {9, 10, 12, 13, 15}, {}, {12, 13}, {}}
