-0.1    
-0.017  
-0.014  
-0.029  
-2.494  0.964   0.07    1.321   0.0 -0.958  0.958   0.0 0.199   0.0 -0.199  0.0 0.0 0.0 0.0 -0.295  
-0.01   
-0.017  
-0.013  
-0.424  0.067   0.162   0.034   0.024   -0.024  0.0 0.0 0.0 0.07    -0.07   0.0 0.0 0.0 0.0 -0.058  
-0.016  
-0.021  
-0.663  0.663   0.736   -1.206  
-3.074  1.33    0.534   -0.534  
-0.067  
-0.027  
-0.011  
-0.026  
-0.013  
-0.012  
-0.059  
-0.018  
-0.011  
-0.161  0.161   0.112   -0.144  
-0.021  
-0.018  
-0.091  
-0.031  
-0.016  
-0.022  
-0.01   
-0.03   
-0.011  
-0.02   
-0.5    
-0.024  
-0.666  0.329   0.0 -0.007  
-0.012  
-0.083  
-0.019  
-0.016  
-0.5    
-0.011  
-0.25   
-0.012  
-0.092  0.059   0.0 0.033   0.011   -0.058  0.0 0.047   0.0 0.063   -0.139  0.0 0.0 0.0 0.082   -0.082  
-0.012  
-0.018  
-0.056  
-0.05   
-0.015  
-0.167  
-0.011  
-0.01   
-0.021  
-0.021  
-0.016  
-0.167  
-0.018  
-0.018  
-0.011  
-0.014  
-0.014  
-0.013  
-0.018  
-0.052  0.029   0.0 -0.04   
-0.149  0.079   0.012   0.023   0.0 -0.023  0.0 0.0 0.0 0.029   -0.029  0.0 0.055   0.0 0.0 -0.055  
-0.025  
-0.02   
-0.048  
-0.011  
-0.25   
-0.011  
-0.032  
-0.011  
-0.01   
-0.014  
-0.01   
-0.011  
-0.024  
-0.059  
-0.028  
-0.2    
-0.062  
-0.013  
-0.012  
-0.02   
-0.01   
-0.015  
-0.023  
-0.048  0.023   0.024   -0.024  
-0.024  
-0.024  
-0.023  
-0.022  
-0.07   0.032   0.023   -0.023  
-0.029  
-0.02   
-0.077  
-0.287  0.124   0.0 0.115   0.0 -0.171  0.113   0.058   0.0 0.0 -0.028  0.0 0.0 0.0 0.0 -0.095  
-0.018  
-0.135  0.031   0.047   -0.047  
-0.022  
-0.071  
-0.018  
-0.143  
-0.057  0.057   0.077   -0.162  
-0.017  
-0.137  0.137   0.052   -0.161  
-0.333  
-0.029  
-0.02   
-0.09   0.024   0.031   0.035   0.005   -0.048  0.044   0.0 0.0 0.0 -0.02   0.0 0.0 0.0 0.0 -0.01   
-0.012  
-0.048  
-0.016  
-0.021  
-0.028  
-0.011  
-0.2    
-0.021  
-0.016  
-0.048  
-0.125  
-0.028  
-0.013  
-0.043  
-0.02   
-0.025  
-0.012  
-0.02   
-0.012  
-0.293  0.115   0.122   0.022   0.0 -0.121  0.121   0.0 0.121   0.0 -0.121  0.0 0.0 0.0 0.0 -0.053  
-0.012  
-0.011  
-0.957  0.283   0.0 0.674   0.0 -2.45   0.692   0.884   0.333   0.0 -0.333  0.0 0.439   0.0 0.0 -0.439  
-0.029  
-0.035  0.026   0.0 -0.022  
-0.062  
-964.973    451.398 216.717 235.648 0.0 -7.83   0.0 7.83    0.0 0.0 -409.919    409.919 444.562 0.0 0.0 -444.562    
-0.328  0.172   0.035   0.046   0.0 -0.152  0.0 0.152   0.096   0.0 -0.096  0.0 0.0 0.0 0.0 -0.216  
-0.059  
-0.014  
-0.014  
-0.022  
-0.017  
-0.011  
-0.048  
-0.011  
-0.014  
-0.042  
-0.012  
-0.014  
-0.014  
-0.116  0.066   0.047   -0.047  
-0.582  0.033   0.044   0.18    0.327   -0.327  0.0 0.0 0.271   0.0 -0.271  0.0 0.179   0.0 0.0 -0.179  
-0.25   
-0.012  
-0.01   
-0.029  
-0.265  0.23    0.343   -0.343  
-0.038  0.023   0.0 -0.011  
-0.083  
-0.083  
-0.019  
-0.028  0.014   0.0 -0.015  
-0.012  
-0.167  
-0.02   
-0.017  
-0.011  
-0.012  
-0.077  
-0.06   0.059   0.0 -0.043  
-0.019  
-0.083  
-0.012  
-0.023  
-0.254  0.04    0.067   0.043   0.0 -0.063  0.0 0.063   0.0 0.0 -0.016  0.0 0.0 0.0 0.06    -0.06   
-0.033  
-0.067  
-0.021  
-0.038  
-0.25   
-0.011  
-0.071  
-0.014  
-0.011  
-0.022  
-0.019  
-1.806  0.0 1.202   0.603   1.176   -1.765  0.589   0.0 0.0 0.0 -0.729  0.283   0.0 1.193   0.0 -1.193  
-0.048  
-0.01   
-0.05   
-0.011  
-0.836  0.508   0.526   -0.526  
-0.059  
-0.2    0.2 0.146   -0.279  
-0.013  
-0.04   
-0.062  