-0.012	
-0.012	
-0.011	
-0.011	
-0.03	
-0.038	
-0.1	
-0.167	
-0.022	
-0.011	
-0.5	
-0.707	0.0	0.328	0.379	0.056	-0.438	0.0	0.0	0.0	0.023	-0.023	0.0	0.131	0.0	0.0	-0.131	
-0.016	
-0.014	
-0.016	
-0.033	
-0.011	
-1.196	0.287	0.358	0.42	0.234	-0.234	0.0	0.0	0.0	0.0	-0.698	0.698	0.731	0.0	0.0	-0.731	
-0.232	0.107	0.0	-0.018	
-0.034	
-0.015	
-0.011	
-0.048	
-0.05	
-0.013	
-0.024	
-0.022	
-0.109	0.069	0.031	-0.031	
-0.01	
-0.011	
-0.1	
-0.029	
-0.014	
-0.016	
-0.012	
-0.011	
-0.034	
-0.033	
-0.034	
-0.015	
-0.048	
-0.05	
-0.013	
-0.024	
-0.022	
-0.012	
-0.01	
-0.011	
-2.353	2.353	2.728	-2.954	
-0.616	0.085	0.026	-0.026	
-0.024	
-0.012	
-0.015	
-0.021	
-0.25	
-0.012	
-0.014	
-0.056	
-0.033	
-0.071	
-0.022	
-0.031	
-0.25	
-0.02	
-0.071	
-0.033	
-0.469	0.449	0.0	-0.512	
-0.037	
-0.05	
-0.01	
-0.011	
-0.026	
-0.02	
-0.012	
-0.012	
-0.015	
-0.017	
-0.083	
-0.011	
-0.013	
-0.022	
-0.02	
-0.254	0.04	0.067	0.043	0.0	-0.063	0.0	0.063	0.0	0.0	-0.016	0.0	0.0	0.0	0.06	-0.06	
-0.033	
-0.067	
-0.021	
-0.038	
-0.25	
-0.011	
-0.071	
-0.014	
-0.011	
-0.022	
-0.019	
-1.806	0.0	1.202	0.603	1.176	-1.765	0.589	0.0	0.0	0.0	-0.729	0.283	0.0	1.193	0.0	-1.193	
-0.048	
-0.01	
-0.05	
-0.011	
-0.836	0.508	0.526	-0.526	
-0.059	
-0.2	0.2	0.146	-0.279	
-0.013	
-0.013	
-0.04	
-0.062	
-0.062	
-0.013	
-0.012	
-0.036	
-0.011	
-0.022	
-0.067	
-0.016	
-0.013	
-0.028	
-0.036	
-0.177	0.052	0.052	-0.052	
-0.015	0.009	0.0	-0.022	
-0.031	
-0.022	
-0.043	
-0.048	
-1.0	
-0.024	0.024	0.0	-0.07	
-0.036	
-0.011	
-0.015	
-0.011	
-0.011	
-0.019	
-0.25	
-0.01	
-0.017	
-0.023	0.008	0.0	-0.017	
-0.013	
-0.037	
-0.011	
-0.111	
-0.013	
-0.018	
-0.034	
-0.043	
-0.059	0.023	0.002	0.01	0.0	-0.022	0.0	0.022	0.003	0.0	-0.003	0.0	0.0	0.0	0.0	-0.019	
-0.167	
-0.043	
-0.014	
-0.114	0.069	0.045	0.0	0.104	-0.2	0.0	0.0	0.0	0.026	-0.164	0.138	0.0	0.0	0.0	-0.087	
-0.015	
-0.01	
-0.012	
-0.018	
-0.013  
-0.037  
-0.011  
-0.016  0.001   0.022   -0.022  
-0.013  
-0.055  0.033   0.0 -0.008  
-0.034  
-0.043  
-0.013  
-0.018  
-0.056  0.016   0.0 -0.056  
-0.014  
-0.108  0.108   0.247   -0.422  
-0.026  0.004   0.011   -0.011  
-0.01   
-0.031  0.01    0.049   -0.049  
-0.04   
-0.01   
-0.026  
-0.012  
-0.013  
-0.019  0.004   0.0 -0.03   
-0.042  
-0.029  
-0.026  
-0.024  
-0.2    
-0.062  0.062   1.959   -2.532  
-0.013  
-0.038  
-0.011  
-1.403  0.123   0.895   0.0 0.0 -0.986  0.0 0.921   0.0 0.0 -0.328  0.328   0.811   0.0 0.0 -0.811  
-0.04   
-0.091  
-0.011  
-0.024  
-0.02   
-0.023  
-0.017  
-0.014  
-0.059  
-0.012  
-0.022  
-0.05   
-0.042  
-0.023  
-0.134  0.07    0.049   -0.049  
-0.049  0.03    0.04    -0.04   