-0.012	
-0.036	
-0.011	
-0.042	
-0.022	
-0.016	
-0.013	
-0.026	
-0.028	
-0.036	
-0.062	
-0.011	
-0.031	
-0.011	
-0.022	
-0.043	
-0.048	
-1.0	
-0.342	0.31	0.198	-0.198	
-0.018	
-0.036	
-0.011	
-0.014	
-0.015	
-0.011	
-0.021	0.001	0.021	-0.021	
-0.25	
-0.01	
-0.017	
-0.072	0.042	0.052	-0.052	
-0.012  
-0.016  
-0.056  
-0.035  0.016   0.021   -0.021  
-0.399  0.272   0.0 -0.273  
-0.056  
-0.026  0.021   0.0 -0.091  
-0.038  
-0.25   
-0.011  
-0.25   
-0.059  0.033   0.024   -0.024  
-0.071  
-0.237  0.015   0.053   0.06    0.0 -0.032  0.0 0.032   0.0 0.0 -0.11   0.11    0.015   0.0 0.0 -0.015  
-0.022  
-0.019  
-0.2    
-0.01   
-0.05   
-0.011  
-0.947  0.83    0.0 -0.177  
-0.211  0.156   0.0 -0.061  
-0.056  
-0.013  
-0.013  
-0.091  
-0.04   
-0.062  
-0.144  0.078   0.016   -0.016  
-0.016  0.005   0.0 -0.023  
-0.012  
-0.036  
-0.011  
-0.042  
-0.022  
-0.016  
-0.013  
-0.026  
-0.028  
-0.036  
-0.062  
-0.011  
-0.031  
-0.011  
-0.022  
-0.043  
-0.048  
-1.0    
-0.342  0.31    0.198   -0.198  
-0.018  
-0.036  
-0.011  
-0.014  
-0.015  
-0.011  
-0.021  0.001   0.021   -0.021  
-0.25   
-0.01   
-0.017  
-0.072  0.042   0.052   -0.052  
-0.012  
-0.016  
-0.056  
-0.035  0.016   0.021   -0.021  
-0.399  0.272   0.0 -0.273  
-0.056  
-0.022  
-0.026  0.024   0.0 -0.027  
-0.5    
-0.071  
-0.064  0.044   0.049   -0.049  
-0.047  0.012   0.021   0.002   0.0 -0.022  0.0 0.0 0.0 0.039   -0.039  0.0 0.0 0.0 0.036   -0.036  
-0.045  0.014   0.0 -0.011  
-0.143  
-0.089  0.032   0.035   -0.035  
-0.013  
-0.013  
-0.038  
-0.011  
-0.042  0.01    0.0 -0.019  
-0.077  
-0.04   
-0.091  
-0.024  
-0.023  
-0.011  
-0.017  
-0.015  0.001   0.0 -0.011  
-0.049  0.049   0.019   -0.073  
-0.077  
-0.05   
-0.042  
-0.019  
-0.014  
-0.023  
-0.026  
-0.011  
-0.012  
-0.013  
-0.012  
-0.011  
-0.011  
-0.044  0.014   0.0 -0.03   
-0.038  
-0.295  0.094   0.092   -0.092  
-0.07   0.035   0.061   -0.061  
-0.165  0.041   0.063   0.051   0.0 -0.04   0.0 0.0 0.0 0.033   -0.033  0.0 0.0 0.0 0.0 -0.006  
-1.788  1.788   0.517   -1.411  
-0.015  
-0.029  0.029   0.077   -0.212  
-0.033  
-0.012  
-0.011  
-0.034  
-0.033  
-0.034  
-0.011  
-0.01   
-0.111  
-0.02   
-0.03   
-0.059  
-0.01   
-0.019  
-0.037  
-0.019  
-1.023  0.107   0.0 0.474   0.152   -0.583  0.0 0.0 0.234   0.0 -0.234  0.0 0.0 0.0 0.084   -0.084  
-0.014  
-0.054  0.022   0.011   -0.011  
-0.023  
-0.073  0.024   0.004   0.022   0.0 -0.015  0.0 0.0 0.006   0.0 -0.006  0.0 0.0 0.0 0.0 -0.007  
-0.125  
-1.0    
-0.162  0.053   0.041   0.0 0.034   -0.041  0.0 0.007   0.0 0.052   -0.052  0.0 0.0 0.0 0.093   -0.093  
-0.033  
-0.053  
-0.2    
-0.011  
-0.013  
-0.011  
-0.017  
-0.013  
-0.05   
-0.012  
-0.024  
-0.05   
-0.026  0.021   0.0 -0.091  
-0.038  
-0.25   
-0.011  
-0.25   
-0.059  0.033   0.024   -0.024  
-0.071  
-0.237  0.015   0.053   0.06    0.0 -0.032  0.0 0.032   0.0 0.0 -0.11   0.11    0.015   0.0 0.0 -0.015  
-0.022  
-0.019  
-0.2    
-0.01   
-0.05   
-0.011  
-0.947  0.83    0.0 -0.177  
-0.211  0.156   0.0 -0.061  
-0.056  
-0.013  
-0.013  
-0.091  
-0.04   
-0.062  
-0.144  0.078   0.016   -0.016  
-0.016  0.005   0.0 -0.023