-0.2	
-0.015	
-0.05	
-0.111	
-0.069	0.033	0.052	-0.052	
-0.012	
-0.1	
-0.015	0.01	0.0	-0.025	
-0.01	
-0.012	
-0.082	0.032	0.01	-0.01	
-0.011	
-0.019	0.017	0.0	-0.031	
-0.015	
-0.016	
-0.011	
-0.013	
-0.023	0.011	0.0	-0.012	
-0.017	
-0.465	0.193	0.23	0.026	0.0	-0.044	0.0	0.044	0.0	0.0	-0.093	0.0	0.0	0.0	0.0	-0.15	
-0.021	0.012	0.0	-0.031	
-0.28	0.018	0.384	-0.384	
-0.011	
-0.228	0.204	0.024	0.0	0.0	-0.283	0.118	0.165	0.0	0.0	-0.372	0.181	0.113	0.0	0.0	-0.113	
-0.083	
-0.015	
-0.013	
-0.038	
-0.029	
-0.052	0.024	0.0	-0.012	
-0.017	
-0.014	
-0.015	
-0.243	0.126	0.0	-0.107	
-0.014	
-0.013	
-0.033	
-0.034	
-0.018	
-0.022	
-0.015	
-0.128	0.043	0.0	-0.017	
-0.034	
-0.034	0.01	0.014	-0.014	
-0.027	0.004	0.0	-0.005	
-0.061	0.04	0.043	-0.043	
-0.013	
-0.074	0.024	0.0	-0.044	
-0.036	
-0.013	
-0.25	
-0.023	0.007	0.0	-0.016	
-0.059	
-0.05	
-0.012  
-0.15   0.055   0.106   -0.106  
-0.339  0.191   0.034   0.111   0.174   -0.174  0.0 0.0 0.0 0.0 -0.133  0.133   0.0 0.0 0.0 -0.19   
-0.061  0.035   0.0 -0.059  
-0.013  
-0.011  
-0.022  
-0.013  
-0.043  
-0.118  0.118   1.692   -2.371  
-0.025  
-0.076  0.057   0.0 -0.033  
-0.125  
-0.011  
-0.027  
-0.213  0.013   0.0 0.168   0.0 -0.072  0.041   0.0 0.0 0.0 -0.122  0.122   0.0 0.0 0.0 -0.033  
-0.018  
-0.015  0.006   0.0 -0.019  
-0.024  
-0.019  
-0.031  
-0.015  0.011   0.0 -0.036  
-0.023  0.008   0.016   -0.016  
-0.5    
-0.05   
-0.107  0.05    0.011   -0.011  
-0.026  
-0.048  
-0.013  
-0.016  
-0.021  0.005   0.015   -0.015  
-0.205  0.035   0.061   0.108   0.0 -0.055  0.041   0.0 0.0 0.121   -0.121  0.0 0.0 0.0 0.0 -0.027  
-0.029  
-0.01   
-0.033  
-0.013  
-0.037  
-0.011  
-0.016  0.001   0.022   -0.022  
-0.013  
-0.055  0.033   0.0 -0.008  
-0.034  
-0.043  
-0.013  
-0.018  
-0.056  0.016   0.0 -0.056  
-0.014  
-0.108  0.108   0.247   -0.422  
-0.026  0.004   0.011   -0.011  
-0.01   
-0.031  0.01    0.049   -0.049  
-0.04   
-0.01   
-0.026  
-0.012  
-0.013  
-0.019  0.004   0.0 -0.03   
-0.042  
-0.029  
-0.026  
-0.024  
-0.2    
-0.062  0.062   1.959   -2.532  
-0.011  
-0.032  
-0.091  
-0.045  
-0.017  
-0.037  
-0.018  
-0.026  
-0.011  
-0.032  
-0.026  
-0.023  
-0.056  
-0.011  
-0.013  
-0.057  0.025   0.028   -0.028  
-0.012  
-0.012  
-0.017  
-0.095  0.032   0.044   0.009   0.0 -0.028  0.0 0.0 0.0 0.0 -0.039  0.039   0.0 0.0 0.0 -0.023  
-0.017  
-0.019  0.006   0.018   -0.018  
-0.022  
-0.026  0.024   0.0 -0.027  
-0.5    
-0.071  
-0.064  0.044   0.049   -0.049  
-0.047  0.012   0.021   0.002   0.0 -0.022  0.0 0.0 0.0 0.039   -0.039  0.0 0.0 0.0 0.036   -0.036  
-0.045  0.014   0.0 -0.011  
-0.143  
-0.089  0.032   0.035   -0.035  
-0.013  
-0.081  0.081   0.028   -0.096  
-0.011  
-0.038  0.009   0.028   -0.028  
-0.043  
-0.048  
-3.21   1.443   0.0 -0.653  
-0.012  
-0.555  0.351   0.034   -0.034  
-4.732  2.75    0.319   1.395   0.0 -0.486  0.0 0.0 0.0 0.0 -1.696  0.0 0.0 0.0 0.0 -0.011  
-0.011  
-0.014  
-0.367  0.038   0.069   0.087   0.0 -0.003  0.003   0.0 0.054   0.0 -0.054  0.0 0.0 0.0 0.0 -0.025  
-0.011  
-0.011  
-0.019  
-0.574  0.145   0.0 -0.112  
-0.01   
-0.017  
-0.016  
-0.022  
-0.011  
-0.01   
-0.111  
-0.02   
-0.854  0.356   0.224   0.0 0.346   -0.437  0.091   0.0 0.0 0.0 -0.191  0.191   0.0 0.086   0.0 -0.086  
-0.112  0.051   0.0 -0.057  
-0.019  
-0.037  
-0.059  
-0.014  
-0.366  0.07    0.116   0.139   0.0 -0.144  0.144   0.0 0.0 0.0 -0.171  0.0 0.007   0.0 0.0 -0.007  
-0.01   
-2.176  0.385   0.333   1.091   0.0 -0.188  0.0 0.0 0.0 0.0 -0.838  0.838   0.0 0.223   0.0 -0.223  
-2.833  1.784   0.0 -0.973  
-0.026  0.006   0.01    -0.01   
-0.033  
-0.2    
-0.017  0.004   0.0 -0.007  
-0.013  
-0.011  
-0.247  0.087   0.071   0.031   0.0 -0.01   0.01    0.0 0.0 0.0 -0.086  0.0 0.06    0.0 0.0 -0.06   
-0.013  
-0.012  
-0.147  0.095   0.083   -0.083  
-0.496  0.274   0.08    -0.08   
-0.01   
-0.021  
-0.011  
-0.013  
-0.033  
-0.012  0.001   0.0 -0.013  