-0.146	0.001	0.064	0.073	0.0	-0.038	0.038	0.0	0.0	0.0	-0.012	0.012	0.0	0.0	0.0	-0.02	
-0.016	
-0.05	0.011	0.0	-0.004	
-0.026	
-0.02	
-0.037	0.009	0.0	0.01	0.026	-0.044	0.0	0.0	0.025	0.0	-0.025	0.0	0.0	0.0	0.024	-0.024	
-0.014	
-0.017	
-0.015	
-0.036	0.01	0.0	-0.005	
-0.067	
-0.029	
-0.022	0.016	0.0	-0.016	
-0.031	
-0.032	
-0.017	
-0.062	
-0.213	0.013	0.0	0.168	0.0	-0.072	0.041	0.0	0.0	0.0	-0.122	0.122	0.0	0.0	0.0	-0.033	
-0.018	
-0.015	0.006	0.0	-0.019	
-0.024	
-0.019	
-0.031	
-0.015	0.011	0.0	-0.036	
-0.023	0.008	0.016	-0.016	
-0.5	
-0.05	
-0.013  
-0.037  
-0.011  
-0.016  0.001   0.022   -0.022  
-0.013  
-0.055  0.033   0.0 -0.008  
-0.034  
-0.043  
-0.013  
-0.018  
-0.056  0.016   0.0 -0.056  
-0.014  
-0.108  0.108   0.247   -0.422  
-0.026  0.004   0.011   -0.011  
-0.01   
-0.031  0.01    0.049   -0.049  
-0.04   
-0.01   
-0.026  
-0.012  
-0.013  
-0.019  0.004   0.0 -0.03   
-0.042  
-0.029  
-0.026  
-0.024  
-0.2    
-0.062  0.062   1.959   -2.532  
-0.011  
-0.032  
-0.091  
-0.045  
-0.017  
-0.037  
-0.018  
-0.026  
-0.011  
-0.032  
-0.026  
-0.023  
-0.056  
-0.011  
-0.013  
-0.057  0.025   0.028   -0.028  
-0.012  
-0.012  
-0.017  
-0.095  0.032   0.044   0.009   0.0 -0.028  0.0 0.0 0.0 0.0 -0.039  0.039   0.0 0.0 0.0 -0.023  
-0.017  
-0.019  0.006   0.018   -0.018  
-0.022  
-0.026  0.024   0.0 -0.027  
-0.5    
-0.071  
-0.064  0.044   0.049   -0.049  
-0.047  0.012   0.021   0.002   0.0 -0.022  0.0 0.0 0.0 0.039   -0.039  0.0 0.0 0.0 0.036   -0.036  
-0.045  0.014   0.0 -0.011  
-0.143  
-0.089  0.032   0.035   -0.035  
-0.013  
-0.081  0.081   0.028   -0.096  
-0.011  
-0.038  0.009   0.028   -0.028  
-0.043  
-0.048  
-3.21   1.443   0.0 -0.653  
-0.012  
-0.555  0.351   0.034   -0.034  
-4.732  2.75    0.319   1.395   0.0 -0.486  0.0 0.0 0.0 0.0 -1.696  0.0 0.0 0.0 0.0 -0.011  
-0.011  
-0.014  
-0.367  0.038   0.069   0.087   0.0 -0.003  0.003   0.0 0.054   0.0 -0.054  0.0 0.0 0.0 0.0 -0.025  
-0.011  
-0.011  
-0.019  
-0.574  0.145   0.0 -0.112  
-0.01   
-0.017  
-0.016  
-0.022  
-0.04   
-0.048  0.035   0.0 -0.01   
-0.348  0.249   0.0 -0.044  
-0.013  0.0 0.002   -0.002  
-0.01   
-0.077  
-0.077  
-0.143  
-0.04   
-0.023  
-0.143  
-0.021  
-0.056  0.016   0.009   -0.009  
-0.084  0.022   0.0 -0.087  
-0.028  0.028   0.052   -0.103  
-0.015  
-0.091  
-0.225  0.168   0.0 0.056   0.0 -0.241  0.188   0.05    0.0 0.0 -0.034  0.0 0.0 0.0 0.012   -0.012  
-0.022  
-0.01   
-0.021  0.001   0.0 -0.019  
-0.03   
-0.013  
-0.01   
-0.335  0.335   1.372   -3.908  
-0.016  
-0.071  
-0.014  
-0.021  
-0.012  
-0.25   
-0.041  0.027   0.0 -0.033  
-0.011  
-0.095  0.04    0.009   -0.009  
-0.096  0.033   0.0 -0.052  
-0.116  0.113   0.0 -0.012  
-0.034  0.018   0.139   -0.139  
-0.25   
-0.011  
-0.028  0.028   0.067   -0.126  
-0.107	0.05	0.011	-0.011	
-0.026	
-0.048	
-0.013	
-0.016	
-0.021	0.005	0.015	-0.015	
-0.205	0.035	0.061	0.108	0.0	-0.055	0.041	0.0	0.0	0.121	-0.121	0.0	0.0	0.0	0.0	-0.027	
-0.029	
-0.01	
-0.033	
-0.1	
-0.013	
-0.088	0.047	0.063	-0.063	
-0.012	
-0.013	
-0.228	0.17	0.054	-0.054	
-0.011	
-0.021	
-0.029	
-0.014	0.003	0.0	-0.018	
-0.015  
-0.091  
-0.014  
-0.02   
-0.083  
-0.019  
-0.407  0.361   0.163   -0.163  
-0.014  
-0.05   
-0.029  
-0.015  
-0.038  
-0.018  
-0.012  
-0.023  
-0.077  
-0.013  
-0.059  
-0.038  
-0.214  0.138   0.0 -0.121  
-0.014  
-0.023  
-0.016  
-0.036  
-0.311  0.05    0.0 -0.012  
-0.014  
-0.091  
-0.016  
-0.067  
-0.018  
-0.019  
-0.011  
-0.929  0.153   0.152   0.409   0.0 -0.013  0.0 0.0 0.037   0.0 -0.037  0.0 0.0 0.0 0.156   -0.156  
