-0.617  0.11    0.082   0.195   0.233   -0.233  0.0 0.0 0.0 0.0 -0.122  0.122   0.0 0.062   0.0 -0.062    
-0.028  
-0.013  
-0.301  
-0.083  
-0.663  0.184   0.0 -0.161  
-0.024  0.016   0.0 -0.017  
-0.3   
-0.072  
-0.03   0.011   0.066   -0.066  
-0.033  
-0.14   0.14    0.153   -0.185  
-1.3  
-0.313  0.313   0.497   -0.719  
-2.032  
-0.022  
-0.031  0.01    0.0 -0.049  
-0.153  
-0.014  
-0.6 

29
{7, 6, 4, 5, 0, 8, 2, 3, 1, 9}
{{7}, {0, 4, 5, 6, 7, 8}, {6, 7}, {0, 4, 5, 6, 7, 8}, {}, {}, {7}, {}, {4, 5, 6, 7}, {0, 2, 4, 5, 6, 7, 8}}