-0.016  
-0.13   
-0.033  0.003   0.0 -0.012  
-0.023  0.009   0.104   -0.104  
-0.3    
-0.218  
-0.036  0.03    0.0 -0.041  
-0.6    
-0.167  
-0.153  
-0.5    
-0.029  
-0.57   0.144   0.299   0.015   0.0 -0.061  0.061   0.0 0.0 0.0 -0.287  0.287   0.2 0.0 0.0 -0.2    
-0.028  
-0.048  0.016   0.0 0.032   0.0 -0.24   0.129   0.111   0.0 0.024   -0.125  0.0 0.0 0.0 0.027   -0.027  
-0.035  0.022   0.0 -0.082  
-0.031  
-3.03   
-0.05  
-0.283  0.024   0.0 -0.424  


31
{9, 5, 2, 4, 1, 8, 6, 7, 0, 3}
{{1, 5, 8}, {}, {5}, {2, 4, 5, 8, 9}, {5}, {}, {5}, {1}, {5}, {}}