-0.205	
-0.57   0.144   0.299   0.015   0.0 -0.061  0.061   0.0 0.0 0.0 -0.287  0.287   0.2 0.0 0.0 -0.2    
-0.016	
-0.114	
-1.014	
-0.092	0.012	0.041	0.0	0.0	-0.073	0.0	0.041	0.0	0.0	-0.036	0.0	0.0	0.022	0.0	-0.022	
-0.18	
-0.148	0.017	0.0	-0.077	
-0.544	
-0.027	
-0.035	0.005	0.006	-0.006	
-1.014	
-0.3    
-0.034	0.016	0.0	-0.014	
-0.5	
-0.03	
-0.055	0.022	0.0	-0.014	
-0.014	
-0.768	
-1.596	


30
{2, 4, 7, 6, 0, 3, 8, 1, 9, 5}
{{}, {0, 2, 4, 6, 7, 8}, {}, {0, 2, 4, 6, 7}, {}, {0, 2, 3, 4, 6, 7}, {}, {4}, {}, {2}}
