-0.014  
-0.18  
-0.024  
-0.062  0.024   0.02    -0.02   
-0.285  0.113   0.0 0.161   0.0 -0.352  0.161   0.0 0.0 0.0 -0.189  0.189   0.09    0.0 0.0 -0.09   
-0.339  0.073   0.223   -0.223  
-0.015  
-0.16  
-0.123  
-0.018  
-0.22  
-0.114  
-0.134  
-0.854  0.386   0.076   0.164   0.0 -0.37   0.0 0.37    0.0 0.277   -0.277  0.0 0.35    0.0 0.0 -0.35   
-0.022  
-0.019  
-0.15  
-0.108  
-0.238  0.238   0.122   -0.149  
-0.094  
-0.06   0.031   0.0 -0.017  
-0.159  0.085   0.0 -0.034  
-1.399  0.944   0.497   -0.497  
-0.115  