-0.039          
-0.094  0.057   0.042   -0.042
-0.055          
-0.019          
-0.44           
-0.018          
-0.19           
-0.017          
-0.16           
-0.038  0.018   0   -0.011
-0.211  0.211   0.326   -0.455
-0.028  0.008   0.033   -0.033
-0.015          
-0.037          
-0.34           
-0.058  0.019   0.042   -0.042
-0.038  0.03    0   -0.036
-0.186  0.063   0.015   -0.015
-0.157  0.1 0   -0.05
-0.226  0.111   0.225   -0.225
-0.058  0.058   0.155   -0.234  
-0.22  
-0.024  
-0.02   0.002   0.047   -0.047  
