-0.6    
-0.037  0.017   0.02    0.0 0.0 -0.063  0.0 0.031   0.0 0.0 -0.039  0.012   0.0 0.0 0.036   -0.036  
-0.083  
-1.475  0.685   0.021   -0.021  
-0.13   
-0.087  0.048   0.0 -0.023  
-0.049  0.049   0.013   -0.037  
-1.077  0.739   0.439   -0.439  
-0.018  0.002   0.0 -0.008  
-0.53   
-0.023  0.0 0.005   -0.005  
-0.027  
-0.039  0.002   0.009   -0.009  
-0.013  
-0.31   
-0.3    
-0.03   
-0.025  0.014   0.0 -0.099  
-4.811  1.12    1.267   1.072   0.0 -0.172  0.0 0.0 0.716   0.0 -0.716  0.0 0.0 0.0 0.27    -0.27   
-0.058  0.027   0.021   -0.021  

