-0.061  
-0.459  
-0.044  0.023   0.0 -0.061  
-0.01   
-0.175  0.081   0.0 -0.013  
-0.051
-0.174  
-0.259  0.166   0.084   -0.084  
-0.051  
-0.043  0.013   0.05    -0.05   
-0.66   
-0.128  0.044   0.012   0.03    0.061   -0.061  0.0 0.0 0.051   0.0 -0.051  0.0 0.0 0.0 0.088   -0.088  
-0.016  
-0.28   
-0.447  
-0.016  
-0.16   
-0.028  
-0.022  
-1.928  0.888   0.162   0.878   0.25    -0.864  0.0 0.0 0.259   0.0 -0.259  0.0 0.0 0.0 0.92    -0.92   
-0.738  
-0.072  
-0.23  
-0.025  
-0.016  
-0.17  
-9.432  1.437   1.616   -1.616  
-0.016  
-0.41  
-0.082  0.03    0.0 -0.057  
-0.036  
-0.033  0.012   0.0 -0.02   
-0.021  
-0.25  
-0.15  
-0.016  
-0.33  
-0.092  
-0.083  
-0.014  