-0.061  
-0.459  
-0.044  0.023   0.0 -0.061  
-0.01   
-0.175  0.081   0.0 -0.013  
-0.051
-0.174  
-0.259  0.166   0.084   -0.084  
-0.051  
-0.043  0.013   0.05    -0.05   
-0.66   
-0.128  0.044   0.012   0.03    0.061   -0.061  0.0 0.0 0.051   0.0 -0.051  0.0 0.0 0.0 0.088   -0.088  
-0.016  
-0.28   
-0.447  
-0.016  
-0.16   
-0.028  
-0.017  
-0.554  0.414   0.489   -0.489  
-0.015  
-0.14   
-0.054  0.028   0.0 -0.021  
-0.029  
-0.63   
-2.849  1.254   0.0 -1.447    
-5.113  
-2.132  1.133   0.0 -0.751  
-0.4    
-0.065  
-0.53   
-0.013  
-0.556  0.556   0.078   -0.605  
-0.016  0.001   0.008   -0.008  
-0.013  
-0.2      
-0.017  0.007   0.0 -0.039  
-0.083  
-0.014  
-0.031  0.031   0.0 0.0 0.0 -0.091  0.058   0.0 0.0 0.011   -0.069  0.058   0.0 0.0 0.01    -0.042  
