-0.084  
-0.279  
-0.13   
-0.016  
-0.03   0.012   0.032   -0.032  
-0.053  0.044   0.0 -0.039  
-0.021  
-0.24   
-0.014  
-0.166  
-0.027
-0.029  
-0.28   
-1.967  
-0.021  
-0.098  
-0.061  0.033   0.0 -0.01   
-0.014  
-0.521  0.154   0.181   0.144   0.0 -0.214  0.0 0.0 0.027   0.0 -0.027  0.0 0.0 0.0 0.109   -0.109  
-0.333  0.173   0.0 -0.047  
-0.013  
-0.22   
-0.334  
-1.348  0.317   0.037   -0.037  
-0.023  
-0.93  
-0.037  
-0.02   0.015   0.0 -0.049  
-0.35  
-0.016  
-0.017  
-0.15  
-0.035  0.035   0.017   -0.054  
-0.055  
-0.383  0.233   0.276   -0.276  
-0.02   
-0.5   
-0.016  
-0.19  
-0.15  