-0.027  
-0.72   
-0.057  
-0.08   
-0.453  
-0.506  0.124   0.149   0.031   0.0 -0.223  0.223   0.0 0.203   0.0 -0.203  0.0 0.0 0.067   0.0 -0.067  
-0.016  
-0.15
-0.02   
-0.521  0.154   0.181   0.144   0.0 -0.214  0.0 0.0 0.027   0.0 -0.027  0.0 0.0 0.0 0.109   -0.109  
-0.472  0.205   0.0 -0.057  
-0.524  
-0.034  0.034   0.018   -0.05   
-4.394  
-0.013  
-0.283  
-0.032  
-0.018  0.002   0.014   -0.014  
-0.024  
-0.093  
-0.014  
-0.18  
-0.024  
-0.062  0.024   0.02    -0.02   
-0.285  0.113   0.0 0.161   0.0 -0.352  0.161   0.0 0.0 0.0 -0.189  0.189   0.09    0.0 0.0 -0.09   
-0.339  0.073   0.223   -0.223  
-0.015  
-0.16  
-0.123  
-0.018  
-0.22  
-0.114  
-0.134  
-0.854  0.386   0.076   0.164   0.0 -0.37   0.0 0.37    0.0 0.277   -0.277  0.0 0.35    0.0 0.0 -0.35   
-0.022  
-0.019  
-0.15  
-0.108  
-0.238  0.238   0.122   -0.149  
-0.094  
