-0.161  0.064   0.046   -0.046  
-0.073  
-0.144
-0.039  
-0.122  
-0.024  
-0.18  
-0.766  
-0.556  0.556   0.078   -0.605  
-0.23   
-0.042  
-0.017  
-0.52   
-0.039  
-0.016  
-0.023  
-6.924  6.213   0.158   -0.158  
-0.092  
-0.12   
-0.202  0.016   0.041   -0.041  
-0.116  
-0.15   
-0.02   
-0.017  
-0.103  
-0.037  
-0.233  0.177   0.0 -0.017  
-0.167  0.075   0.084   -0.084  
-0.024  
-0.252  0.134   0.0 -0.015  
-0.091  
-0.14   
-0.22   
-0.1    
-0.712  
-1.025   
-0.056  
-0.034  
-0.363  
-0.086  0.069   0.0 -0.015  
