-0.021  
-0.113  
-0.055  
-0.149  
-0.035  
-0.019  
-0.062  
-0.015  
-0.036  
-0.064  
-0.115  
-14.479 14.39   3.749   -3.749  
-0.072  
-0.09   0.029   0.013   -0.013  
-0.051  0.004   0.006   0.03    0.0 -0.031  0.0 0.0 0.0 0.009   -0.009  0.0 0.0 0.0 0.0 -0.025  
-0.052  
-0.19  
-0.023  
-0.024  
-0.229  
-0.016                                                          
-0.04                                                           
-0.388  0.234   0.055   -0.055                                              
-0.16   0.128   0.2 -0.2                                                
-0.4    0.037   0.147   0.055   0   -0.175  0   0.175   0.172   0   -0.172  0   0.049   0   0   -0.049
-0.021                                                          
-0.21                                                           
-0.108                                                          
-0.16   0.055   0.075   -0.075                                              
-0.3                                                            
-0.063  0.037   0   -0.041                                              
-0.015                                                          
-0.37   0.207   0.032   -0.032                                              
-2.15                                                           
-0.063  0.008   0   -0.022                                              
-0.082                                                          
-0.128  0.074   0.064   -0.064                                                
-0.016  
-0.025  
-0.022  
