-0.099  0.058   0.065   -0.065  
-0.02   
-0.047  
-0.108  
-0.16  
-0.02   
-0.099  0.058   0.065   -0.065  
-0.02   
-0.047  
-0.108  
-0.016  
-0.2   
-0.097  
-0.046  0.046   0.07    -0.136  
-0.141  0.048   0.031   -0.031  
-0.035  
-0.037  0.019   0.0 -0.017  
-1.0    1.0 0.424   -0.845  
-0.279  
-0.024  
-0.022  
-1.928  0.888   0.162   0.878   0.25    -0.864  0.0 0.0 0.259   0.0 -0.259  0.0 0.0 0.0 0.92    -0.92   
-0.738  
-0.072  
-0.23  
-0.025  
-0.016  
-0.17  
-9.432  1.437   1.616   -1.616  
-0.016  
-0.41  
-0.082  0.03    0.0 -0.057  
-0.036  
-0.033  0.012   0.0 -0.02   
-0.021  
-0.25  
-0.15  
-0.016  
-0.33  
-0.092  