-0.086  0.019   0   -0.06                                               
-1.235                                                          
-0.041  0.041   0.004   -0.031                                              
-0.016                                                          
-0.04                                                           
-0.388  0.234   0.055   -0.055                                              
-0.16   0.128   0.2 -0.2                                                
-0.4    0.037   0.147   0.055   0   -0.175  0   0.175   0.172   0   -0.172  0   0.049   0   0   -0.049
-0.021                                                          
-0.21                                                           
-0.108                                                          
-0.16   0.055   0.075   -0.075                                              
-0.3                                                            
-0.063  0.037   0   -0.041                                              
-0.015                                                          
-0.37   0.207   0.032   -0.032                                              
-2.15                                                           
-0.063  0.008   0   -0.022                                              
-0.082                                                          
-0.128  0.074   0.064   -0.064                                              
-0.092  0.092   0.079   -0.127  
-0.016  
-0.014  
-0.196  0.196   0.133   -0.279  
-0.1    0.074   0.126   -0.126  
-0.472  
-0.122  
-0.022  0.002   0.0 -0.006  
-0.017  
-1.587  0.288   0.054   -0.054  
-0.02   
-0.515  0.283   0.0 -0.041  
-0.016  
-0.081  
-0.585  0.498   0.488   -0.488  
-0.252  
-1.431  1.097   0.0 -0.011  
-0.042  
-0.054  
-0.08   