-0.108  
-1.85   
-0.014  
-0.082  
-0.86   
-0.032  
-0.026  
-1.577  0.391   0.627   0.114   0.253   -0.253  0.0 0.0 0.0 0.332   -0.332  0.0 0.0 0.0 0.006   -0.006  
-0.016
-0.054  
-0.16   0.106   0.105   -0.105  
-0.018  0.002   0.0 -0.011  
-0.03   
-0.015  
-0.08   0.005   0.0 -0.167  
-1.03   
-0.3    
-0.444  0.319   0.222   -0.222  
-0.181  0.024   0.034   0.101   0.0 -0.103  0.0 0.0 0.064   0.0 -0.064  0.0 0.0 0.022   0.0 -0.022  
-0.057  
-0.15   
-0.5    
-4.067  2.833   0.0 -1.038  
-0.025  
-1.013  
-0.05   
-0.105  0.015   0.04    -0.04   
-0.21   
-0.155  0.12    0.075   -0.075    
-0.029  
-0.107  
-0.023  
-0.13  
-0.501
-0.08  
-0.74   0.74    0.495   -1.556  
-0.097  0.041   0.0 -0.046  
-0.079  
-2.14  
-0.05   0.035   0.015   0.0 0.021   -0.057  0.0 0.006   0.0 0.055   -0.055  0.0 0.0 0.0 0.0 -0.056  
