-0.03   
-0.29   
-0.174  
-0.013  
-0.039  0.019   0.044   -0.044  
-0.049  0.014   0.01    -0.01   
-0.022  
-0.028  0.014   0.0 -0.019  
-0.153  
-0.02
-0.054  0.054   0.11    -0.331  
-0.015  
-0.439  0.146   0.061   0.107   0.0 -0.173  0.0 0.173   0.17    0.0 -0.17   0.0 0.0 0.0 0.162   -0.162  
-0.013  
-0.197  
-0.5  
-1.145  1.145   2.03    -4.554  
-0.221  
-0.272  0.117   0.014   -0.014  
-0.087  
-0.013  
-0.021  
-0.3  
-0.23  
-0.039  0.013   0.0 -0.03   
-0.589  
-0.036  0.006   0.033   -0.033  
-0.054  
-0.23   
-0.016     
-0.5    
-0.108  
-0.137  0.068   0.0 -0.066  
-0.3    
-0.016  
-0.076  0.05    0.0 -0.035  
-0.22   
-0.016  
-0.119  0.096   0.129   -0.129  
-0.013  