-0.017  0.007   0.0 -0.026  
-0.021  
-0.16   
-0.24   
-0.067  
-1.835  0.918   0.017   -0.017  
-0.014
-0.084  
-0.279  
-0.13   
-0.016  
-0.03   0.012   0.032   -0.032  
-0.053  0.044   0.0 -0.039  
-0.021  
-0.24   
-0.014  
-0.166  
-0.027  
-0.185  0.185   0.485   -0.572  
-0.025  
-0.14   
-0.025  
-0.081  
-0.022  
-0.21   
-0.013  
-0.128  0.044   0.012   0.03    0.061   -0.061  0.0 0.0 0.051   0.0 -0.051  0.0 0.0 0.0 0.088   -0.088    
-0.05   
-0.026  
-0.043  0.043   0.072   -0.131  
-0.17   
-0.024  
-0.015  
-1.327  
-0.111  0.04    0.01    -0.01   
-0.384  
-0.015  
-0.16   
-0.013  
-0.399  0.198   0.156   -0.156  