-0.029	
-0.28	
-1.967	
-0.021	
-0.098	
-0.061	0.033	0.0	-0.01	
-0.014	
-0.521	0.154	0.181	0.144	0.0	-0.214	0.0	0.0	0.027	0.0	-0.027	0.0	0.0	0.0	0.109	-0.109	
-0.333	0.173	0.0	-0.047	
-0.013	
-0.22	
-0.354	0.125	0.151	-0.151	
-0.028	
-0.036	0.033	0.0	-0.048	
-0.24	0.044	0.175	-0.175	
-0.022	
-0.9	
-0.2	
-0.472	0.205	0.0	-0.057	
-0.524	
-0.022  
-1.928  0.888   0.162   0.878   0.25    -0.864  0.0 0.0 0.259   0.0 -0.259  0.0 0.0 0.0 0.92    -0.92   
-0.738  
-0.072  
-0.23  
-0.025  
-0.016  
-0.17  
-9.432  1.437   1.616   -1.616  
-0.016  
-0.41  
-0.082  0.03    0.0 -0.057  
-0.036  
-0.033  0.012   0.0 -0.02   
-0.021  
-0.25  
-0.15  
-0.016  
-0.33  
-0.092  