-0.061  
-0.459  
-0.044  0.023   0.0 -0.061  
-0.01   
-0.175  0.081   0.0 -0.013  
-0.051
-0.014  
-0.18  
-0.024  
-0.062  0.024   0.02    -0.02   
-0.285  0.113   0.0 0.161   0.0 -0.352  0.161   0.0 0.0 0.0 -0.189  0.189   0.09    0.0 0.0 -0.09   
-0.339  0.073   0.223   -0.223  
-0.015  
-0.16  
-0.123  
-0.018  
-0.22  
-0.114  
-0.134  
-0.854  0.386   0.076   0.164   0.0 -0.37   0.0 0.37    0.0 0.277   -0.277  0.0 0.35    0.0 0.0 -0.35   
-0.022  
-0.019  
-0.15  
-0.108  
-0.238  0.238   0.122   -0.149  
-0.094    
-5.113  
-2.132  1.133   0.0 -0.751  
-0.4    
-0.065  
-0.53   
-0.013  
-0.556  0.556   0.078   -0.605  
-0.016  0.001   0.008   -0.008  
-0.013  
-0.2      
-0.017  0.007   0.0 -0.039  
-0.083  
-0.014  
-0.031  0.031   0.0 0.0 0.0 -0.091  0.058   0.0 0.0 0.011   -0.069  0.058   0.0 0.0 0.01    -0.042  


