-0.14       
-0.015  
-0.756  
-0.021  
-0.4  
-0.096 
 -0.022  
-1.928  0.888   0.162   0.878   0.25    -0.864  0.0 0.0 0.259   0.0 -0.259  0.0 0.0 0.0 0.92    -0.92   
-0.738  
-0.072  
-0.23  
-0.025  
-0.016  
-0.17  
-9.432  1.437   1.616   -1.616  
-0.016  
-0.41  
-0.082  0.03    0.0 -0.057  
-0.036  
-0.033  0.012   0.0 -0.02   
-0.021  
-0.25  
-0.15  
-0.016  
-0.33  
-0.092  
-1.861  1.04    0.0 -0.203  
-0.178  
-1.088  0.499   0.0 0.589   0.476   -1.541  1.065   0.0 0.0 0.0 -1.562  1.086   0.0 1.118   0.0 -1.118  
-0.023  
-0.013  
-0.3  
-0.262  
-0.051  
-0.022  
-0.428  0.145   0.0 -0.012  
-0.024  
-0.053  0.028   0.0 -0.037  
-0.021  
-0.015  
