-0.161  0.064   0.046   -0.046  
-0.073  
-0.277
-0.039  
-0.122  
-0.024  
-0.18  
-0.766
-0.161  0.064   0.046   -0.046  
-0.073  
-156.277    0.0 144.514 11.763  115.056 -211.52 83.208  0.0 0.0 0.0 -27.328 27.328  0.0 150.815 0.0 -150.815    
-0.039  
-0.122  
-0.024  
-0.018  
-0.766  
-0.16   
-0.056  
-0.034  
-0.363  
-0.086  0.069   0.0 -0.015  
-0.705  0.679   1.421   -1.421  
-0.016  
-0.016  
-0.017  
-0.023  
-0.043  
-0.015    
-0.043  
-0.16   
-0.056  
-0.034  
-0.363  
-0.705  0.679   1.421   -1.421  
-0.016  
-0.6  
-0.017  
-0.086  0.069   0.0 -0.015  
-0.023  
-0.5  

