-0.017  0.007   0.0 -0.026  
-0.021  
-0.16   
-0.24   
-0.067  
-1.835  0.918   0.017   -0.017  
-0.014  
-0.05   
-0.026  
-0.043  0.043   0.072   -0.131  
-0.17   
-0.024  
-0.02   
-0.521  0.154   0.181   0.144   0.0 -0.214  0.0 0.0 0.027   0.0 -0.027  0.0 0.0 0.0 0.109   -0.109  
-0.472  0.205   0.0 -0.057  
-0.524  
-0.034  0.034   0.018   -0.05   
-4.394  
-0.013  
-0.283  
-0.032  
-0.018  0.002   0.014   -0.014  
-0.024  
-0.093  
-0.232  0.232   0.522   -1.028  
-0.282  0.142   0.042   -0.042  
-0.088  
-0.03   0.016   0.0 -0.02   
-0.014  
-0.179  
-0.033  
-0.14   
-0.013  
-0.556  0.556   0.078   -0.605  
-0.016  0.001   0.008   -0.008  
-0.013 
-0.015  
-1.327  
-0.111  0.04    0.01    -0.01   
-0.384  
