-0.013	
-0.843
-0.059	0.011	0.02	0.028	0.0	-0.023	0.0	0.0	0.0	0.0	-0.034	0.0	0.0	0.0	0.016	-0.016	
-0.148	0.124	0.0	-0.103	
-0.084	
-0.014	
-0.046	0.014	0.034	-0.034	
-0.027	
-0.013	
-0.3	
-0.108	0.073	0.227	-0.227	
-0.029	0.01	0.0	-0.009	
-0.601	0.601	0.111	-0.147	
-0.013	
-0.111	
-0.056	
-0.24	
-0.073	
-0.114	
-0.016	
-0.086  0.019   0   -0.06                                               
-1.235                                                          
-0.041  0.041   0.004   -0.031                                              
-0.016                                                          
-0.04                                                           
-0.388  0.234   0.055   -0.055                                              
-0.16   0.128   0.2 -0.2                                                
-0.4    0.037   0.147   0.055   0   -0.175  0   0.175   0.172   0   -0.172  0   0.049   0   0   -0.049
-0.021                                                          
-0.21                                                           
-0.108                                                          
-0.16   0.055   0.075   -0.075                                              
-0.3                                                            
-0.063  0.037   0   -0.041                                              
-0.015                                                          
-0.37   0.207   0.032   -0.032                                              
-2.15                                                           
-0.063  0.008   0   -0.022                                              
-0.082                                                          
-0.128  0.074   0.064   -0.064                                              
