-0.096	0.033	0.0	-0.057	
-1.03	
-0.027	
-0.061  
-0.459  
-0.044  0.023   0.0 -0.061  
-0.01   
-0.175  0.081   0.0 -0.013  
-0.051  
-5.113  
-2.132  1.133   0.0 -0.751  
-0.4    
-0.065  
-0.53   
-0.013  
-0.556  0.556   0.078   -0.605  
-0.016  0.001   0.008   -0.008  
-0.013  
-0.2      
-0.017  0.007   0.0 -0.039  
-0.083  
-0.014  
-0.031  0.031   0.0 0.0 0.0 -0.091  0.058   0.0 0.0 0.011   -0.069  0.058   0.0 0.0 0.01    -0.042  
-0.086  0.069   0.0 -0.015  
-0.705  0.679   1.421   -1.421  
-0.016  
-0.16  
-0.27	
-0.112	0.037	0.015	-0.015	
-1.443	0.0	0.752	0.0	0.43	-1.836	0.86	0.546	0.0	0.553	-0.553	0.0	0.0	1.766	0.0	-1.766	
-0.082	
-0.015	
-0.15	
-0.034	0.025	0.0	-0.021	
-0.06	
-0.556	0.458	0.145	-0.145	
-0.022	
-0.24	
-0.086	
-0.021	
