-0.027	
-0.4	
-0.02	
-0.13	
-0.01  
-0.2
-0.171	
-0.023	
-0.015	
-0.52	
-0.131  
-0.503  0.171   0.149   0.048   0.214   -0.214  0.0 0.0 0.0 0.129   -0.129  0.0 0.0 0.0 0.028   -0.028  
-0.05	
-0.252	0.134	0.0	-0.015	
-0.091	
-0.14	
-0.22	
-0.1	
-0.712	
-0.027  
-0.4    
-0.02   
-0.13   
-0.01  
-0.2
-0.171  
-0.023  
-0.119  0.096   0.129   -0.129  
-0.013  
-0.086  0.069   0.0 -0.015  
-0.705  0.679   1.421   -1.421  
-0.016  
-0.16  
-0.015  
-0.52   
-0.131  
-0.503  0.171   0.149   0.048   0.214   -0.214  0.0 0.0 0.0 0.129   -0.129  0.0 0.0 0.0 0.028   -0.028  
-0.049  0.014   0.01    -0.01   
-0.022  
-0.028  0.014   0.0 -0.019  
