-0.054	
-0.16	0.106	0.105	-0.105	
-0.018	0.002	0.0	-0.011	
-0.03	
-0.015	
-0.08   0.005   0.0 -0.167  
-1.03	
-0.3	
-0.444	0.319	0.222	-0.222	
-0.181	0.024	0.034	0.101	0.0	-0.103	0.0	0.0	0.064	0.0	-0.064	0.0	0.0	0.022	0.0	-0.022	
-0.057	
-0.15	
-0.5	
-0.027  
-0.72   
-0.057  
-0.08   
-0.453  
-0.506  0.124   0.149   0.031   0.0 -0.223  0.223   0.0 0.203   0.0 -0.203  0.0 0.0 0.067   0.0 -0.067  
-0.016  
-0.15   
-0.5    
-0.021  
-0.107  
-0.013  
-0.503  0.171   0.149   0.048   0.214   -0.214  0.0 0.0 0.0 0.129   -0.129  0.0 0.0 0.0 0.028   -0.028  
-0.059  
-0.196  0.145   0.101   -0.101  
-0.052  
-0.016  0.002   0.0 -0.009  
-0.041  0.036   0.0 -0.021  
-0.061  0.005   0.0 -0.06   
-0.4
-0.049  0.014   0.01    -0.01   
-0.022  
-0.028  0.014   0.0 -0.019  
-0.153  
-4.067	2.833	0.0	-1.038	
-0.025	
-1.013	
