-0.054  0.054   0.11    -0.331  
-0.015  
-0.439  0.146   0.061   0.107   0.0 -0.173  0.0 0.173   0.17    0.0 -0.17   0.0 0.0 0.0 0.162   -0.162  
-0.013  
-0.197  
-0.5  
-1.145  1.145   2.03    -4.554  
-0.221  
-0.272  0.117   0.014   -0.014  
-0.087  
-0.013  
-0.021  
-0.3  
-0.23  
-0.039  0.013   0.0 -0.03   
-0.589  
-0.036  0.006   0.033   -0.033  
-0.054  
-0.288  
-0.035  0.009   0.021   -0.021  
-0.016  
-3.655  3.655   6.394   -7.77   
-0.018  
-0.042  0.018   0.0 -0.011  
-0.102  
-0.016  
-0.045  
-0.36  
-0.07   
-0.058  0.058   0.155   -0.234  
-0.22  
-0.024  
-0.02   0.002   0.047   -0.047  
-0.283  
-0.039  
-0.039  
-0.014  
-0.21  
-0.022  
-0.214  
