-0.12   0.063   0.242   -0.242                                              
-0.022                                                          
-0.257  0   0.099   0   0.106   -0.384  0   0.111   0   0.084   -0.084  0   0   0   0.151   -0.151
-0.013                                                          
-0.128  0.044   0.012   0.03    0.061   -0.061  0   0   0.051   0   -0.051  0   0   0   0.088   -0.088
-0.054  0.019   0   -0.032                                              
-0.052                                                          
-0.123  0.067   0   -0.14                                               
-0.014                                                          
-0.13   
-0.014  
-0.041  0.011   0.017   -0.017  
-0.02   
-0.018  
-0.265  0.214   0.0 -0.048  
-0.104  
-0.172  0.073   0.0 -0.01   
-0.134  
-1.01   
-0.044  
-0.039  0.012   0.0 -0.008  
-0.019  
-0.101  
-0.067  
-0.018  
-0.257  0.133   0.054   -0.054  
-0.017  
-0.227  0.227   0.471   -1.945  
-0.016  
-0.238  0.238   0.138   -0.171  
-0.016  
-0.053  


{{1}, {}, {1}, {1,2}, {1,3}, {1}, {1}, {}, {}, {}, {}, {}, {}, {}, {}, {}}
{{8, 12, 13, 15}, {8, 10, 12, 13, 14, 15}, {}, {8, 13}, {}, {}, {8, 10, 12, 13, 14, 15}, {8, 13}}
