-0.075  0.058   0.275   -0.275                                              
-0.369  0.199   0.035   -0.035                                              
-1.967                                                          
-0.061  0.033   0   -0.01                                               
-0.049  0.007   0.011   0.014   0   -0.018  0   0   0   0   -0.014  0   0   0   0   -0.018
-0.036  0   0   -0.016                                              
-0.098                                                          
-0.521  0.154   0.181   0.144   0   -0.214  0   0   0.027   0   -0.027  0   0   0   0.109   -0.109
-0.333  0.173   0   -0.047                                              
-0.22                                                           
-0.354  0.125   0.151   -0.151                                              
-0.028                                                          
-0.036  0.033   0   -0.048                                              
-0.24   0.044   0.175   -0.175                                              
-0.022                                                          
-0.9                                                            
-0.2                                                            
-0.524                                                          
-7.103  3.076   0   -0.282                                              
-0.026                                                          
-0.176  0.074   0.103   -0.103                                              
-0.097  0.085   0   -0.044                                              
-6.863  5.172   1.849   -1.849                                              
-0.13                                                           
-0.501                                             
-0.08                                                           
-0.74   0.74    0.495   -1.556                                              
-0.097  0.041   0   -0.046                                              
-0.079                                                          
-2.14                                                           
-0.04                                                           
-0.472  0.205   0   -0.057                                              


{{1, 3}, {}, {}, {}, {1, 5}, {}, {1, 3, 5}, {1, 5}, {}, {}, {}, {}, {}, {}, {}, {}}

{{}, {8, 9, 10, 11, 12, 13, 14, 15}, {}, {10, 12, 14, 15}, {}, {10, 12, 14, 15}, {}, {}}
