-0.013                                                          
-0.084                                                          
-0.059  0.011   0.02    0.028   0   -0.023  0   0   0   0   -0.034  0   0   0   0.016   -0.016
-0.148  0.124   0   -0.103                                              
-0.046  0.014   0.034   -0.034                                              
-0.014                                                          
-0.05   0.035   0.015   0   0.021   -0.057  0   0.006   0   0.055   -0.055  0   0   0   0   -0.056
-0.027                                                          
-0.04                                                           
-0.032  0.012   0.053   -0.053                                              
-2.696  1.259   0.291   -0.291                                              
-0.056                                                          
-0.205                                                          
-0.02                                                           
-12.771 12.771  7.502   -7.609                                              
-0.108                                                          
-0.14   0.05    0   -0.146                                              
-0.283  0.233   0.498   -0.498                                              
-0.3                                                            
-0.108  0.073   0.227   -0.227                                              
-0.029  0.01    0   -0.009                                              
-0.601  0.601   0.111   -0.147                                              
-0.135  0.059   0.033   -0.033                                              
-0.111                                                          
-0.056                                                          
-0.24                                                           
-0.073                                                          
-0.389  0.138   0.138   0   0   -1.028  0   0.924   0   0   -0.204  0.204   0.191   0   0   -0.191
-0.016                                                          
-0.617  0.11    0.082   0.195   0.233   -0.233  0   0   0   0   -0.122  0.122   0   0.062   0   -0.062
-3.056  2.528   1.799   -1.799                                              
-0.05   0.017   0   -0.018                                                                                      

{{3,4,5}, {2}, {}, {2}, {}, {}, {}, {}, {}, {}, {}, {}, {}, {}, {}, {}}


{{}, {}, {10, 14}, {10}, {10, 11, 14}, {11, 12}, {8, 10, 11, 12, 13, 14}, {11, 12}}
