-2.052	0.254	0.979	0.433	0.0	-0.842	0.0	0.842	0.0	0.841	-0.841	0.0	0.0	0.0	0.0	-0.765	
-0.016	
-0.15	0.091	0.0	-0.107	
-0.018	
-0.021	0.004	0.0	-0.046	
-0.17	
-0.018	
-0.023	
-0.093	0.093	0.43	-0.966	
-0.112	0.112	1.166	-2.304	
-0.129	0.065	0.04	-0.04	
-0.093	0.06	0.054	-0.054	
-0.21	
-0.067	
-0.145	
-0.208	0.129	0.043	-0.043	
-0.014	
-0.23	
-0.227	0.083	0.212	-0.212	
-0.209	0.041	0.441	-0.441	
-0.029	0.009	0.0	-0.015	
-0.078	
-0.123  0.067   0   -0.14                                               
-0.014                                                          
-0.13                                                           
-0.392  0.221   0.031   -0.031                                              
-0.187                                                          
-0.029                                                          
-1.022                                                          
-0.047  0.014   0   -0.032                                              
-0.04                                                           
-0.024  0.024   0.049   -0.504  



{{}, {}, {6, 7}, {}, {}, {}, {}, {}, {}, {}, {}, {}, {}, {}, {}, {}}

{{8, 9, 10, 12, 13, 15}, {8, 10, 15}, {8}, {8}, {8, 10}, {8, 10}, {8, 9, 10}, {8, 9, 10, 15}}
