-0.161  0.064   0.046   -0.046                                              
-0.073                                                          
-0.987  0.806   0.181   0   0   -1.785  0.649   0.407   0.609   0   -0.609  0   0   0   0.427   -0.427
-0.039                                                          
-0.03   0.014   0   -0.011                                              
-0.126  0.07    0.056   -0.056                                              
-0.031                                                          
-0.134  0.019   0   -0.031                                              
-0.07   0.046   0   -0.031                                              
-0.03   0.014   0   -0.011                                              
-0.184                                                          
-0.031                                                          
-0.153  0.106   0   -0.051                                              
-0.07   0.046   0   -0.031                                              
-0.705  0.679   1.421   -1.421                                              
-0.016                                                          
-0.16                                                           
-0.017                                                          
-0.086  0.069   0   -0.015                                              
-0.023                                                          
-0.5                                                            
-0.118  0.085   0.059   -0.059                                              
-0.084                                                          
-0.014                                                          
-0.046  0.014   0.034   -0.034                                              
-0.027                                                          
-0.283  0.233   0.498   -0.498                                              
-0.3                                                            
-0.108  0.073   0.227   -0.227                                              
-0.111                                                          
-0.056                                                          
-0.24  



{{1,5}, {5}, {1,5}, {1,4,5}, {5}, {}, {5}, {5}, {}, {}, {}, {}, {}, {}, {}, {}}
{{9}, {8, 9, 10, 11, 12}, {10}, {9, 10, 12}, {}, {9, 10}, {9, 10, 11, 12}, {}}
