-0.6    
-0.037  0.017   0.02    0.0 0.0 -0.063  0.0 0.031   0.0 0.0 -0.039  0.012   0.0 0.0 0.036   -0.036  
-0.083  
-1.475  0.685   0.021   -0.021  
-0.13   
-0.087  0.048   0.0 -0.023  
-0.049  0.049   0.013   -0.037  
-1.077  0.739   0.439   -0.439  
-0.018  0.002   0.0 -0.008  
-0.53   
-0.663  0.184   0.0 -0.161  
-0.024  0.016   0.0 -0.017  
-0.3
-0.57   0.144   0.299   0.015   0   -0.061  0.061   0   0   0   -0.287  0.287   0.2 0   0   -0.2
-0.028                                                          
-0.2                                                            
-0.124  0.078   0.07    -0.07                                               
-0.23                                                           
-0.014                                                          
-0.035  0.017   0   -0.028                                              
-0.032        
-0.072  
-0.03   0.011   0.066   -0.066  
-0.13    
-0.03   
-0.025  0.014   0.0 -0.099  
-4.811  1.12    1.267   1.072   0.0 -0.172  0.0 0.0 0.716   0.0 -0.716  0.0 0.0 0.0 0.27    -0.27   
-0.058  0.027   0.021   -0.021  
-0.617  0.11    0.082   0.195   0.233   -0.233  0.0 0.0 0.0 0.0 -0.122  0.122   0.0 0.062   0.0 -0.062    
-0.028 
-0.138  0.114   0   -0.075                                              
-0.186  0.076   0   -0.053     


{{}, {}, {5}, {2, 5, 6}, {}, {}, {}, {5}, {}, {}, {}, {}, {}, {}, {}, {}}

{{8, 9, 10, 11, 12, 14, 15}, {8, 9, 10, 11, 12, 14, 15}, {8, 10, 11, 14, 15}, {}, {}, {8, 9, 10, 11, 12, 14, 15}, {8, 9, 10, 11, 12, 14, 15}, {8}}
