-0.092  0.092   0.079   -0.127                                              
-0.016                                                          
-0.66   0.302   0.023   -0.023                                              
-0.196  0.196   0.133   -0.279                                              
-0.1    0.074   0.126   -0.126                                              
-0.472                                                          
-0.122                                                          
-0.022  0.002   0   -0.006                                              
-0.017                                                          
-1.587  0.288   0.054   -0.054                                              
-0.048  0.023   0   -0.015                                              
-0.515  0.283   0   -0.041                                              
-0.016                                                          
-0.081                                                          
-0.585  0.498   0.488   -0.488                                              
-0.252                                                          
-1.431  1.097   0   -0.011                                              
-0.196  0.196   0.133   -0.279                                              
-0.433  0.089   0.082   0.062   0   -0.05   0.05    0   0.109   0   -0.109  0   0   0   0   -0.098
-0.092  0.092   0.079   -0.127                                              
-0.585  0.498   0.488   -0.488                                              
-0.976  0.751   0   -0.508                                              
-0.028                                                          
-0.017                                                          
-0.554  0.414   0.489   -0.489                                              
-0.015                                                          
-0.14                                                           
-0.054  0.028   0   -0.021                                              
-0.029                                                          
-0.292  0.128   0.133   -0.133                                              
-2.849  1.254   0   -1.447                                              
-0.03   0.012   0.032   -0.032                                              


{{}, {}, {5, 7}, {}, {}, {}, {1}, {}, {}, {}, {}, {}, {}, {}, {}, {}}
{{8}, {}, {}, {8, 9, 10, 14}, {}, {8}, {}, {}}
