-0.172  0.073   0.0 -0.01   
-0.134  
-1.01   
-0.044  
-0.039  0.012   0.0 -0.008  
-0.019  
-0.101  
-0.067  
-0.018  
-0.257  0.133   0.054   -0.054  
-0.017  
-0.227  0.227   0.471   -1.945  
-0.016  
-0.238  0.238   0.138   -0.171  
-0.016  
-0.053  
-0.031  0.018   0.0 -0.028                                                     
-0.014                                                          
-0.124  0.078   0.07    -0.07                                               
-0.035  0.017   0   -0.028                                              
-0.032                                                          
-0.896  0.497   0.187   -0.187                                              
-0.061                                                          
-0.028  0.004   0.016   -0.016                                              
-0.015                                                          
-0.15                                                           
-0.05                                                           
-0.718  0.151   0.214   0.258   0.111   -0.111  0   0   0   0   -0.209  0   0   0   0   -0.017
-0.015                                                          
-0.342                                                          
-0.313  0.292   0   -0.224                                              
-0.057                                                                            


{{3,4}, {3}, {}, {}, {3,5}, {3}, {0,1,2}, {}, {}, {}, {}, {}, {}, {}, {}, {}}
{{12, 14}, {10, 12, 14, 15}, {}, {10, 12, 14}, {12, 14}, {14}, {12, 14}, {12, 14}}
