-0.02                                                           
-0.521  0.154   0.181   0.144   0   -0.214  0   0   0.027   0   -0.027  0   0   0   0.109   -0.109
-0.472  0.205   0   -0.057                                              
-0.524                                                          
-0.035  0.005   0   -0.005                                              
-4.394                                                          
-2.85   1.319   0   -0.037                                              
-0.014                                                          
-0.034  0.034   0.02    -0.064                                              
-0.018  0.002   0.014   -0.014                                              
-0.024                                                          
-0.118  0.002   0   -0.033                                              
-0.282  0.142   0.042   -0.042                                              
-0.088                                                          
-0.03   0.016   0   -0.02                                               
-0.057  0.026   0   -0.025                                              
-0.179                                                          
-0.033                                                          
-0.153  0.058   0   -0.065                                              
-0.013                                                          
-0.481  0.373   0.413   -0.413                                              
-0.232  0.232   0.522   -1.028                                              
-0.74   0.74    0.495   -1.556  
-0.097  0.041   0.0 -0.046  
-0.079  
-2.14  
-0.05   0.035   0.015   0.0 0.021   -0.057  0.0 0.006   0.0 0.055   -0.055  0.0 0.0 0.0 0.0 -0.056  
-0.04  
-0.032  0.012   0.053   -0.053  
-2.696  1.259   0.291   -0.291  
-0.056  
-0.205 



{{}, {}, {1, 3}, {}, {}, {}, {3}, {3}, {}, {}, {}, {}, {}, {}, {}, {}}
{{13, 14}, {12}, {}, {10, 13, 14, 15}, {13, 14}, {14}, {14}, {13, 14}}
