-0.161  0.064   0.046   -0.046                                              
-0.073                                                          
-0.027                                                          
-0.395  0.119   0.205   -0.205                                              
-0.422                                                          
-0.556  0.556   0.078   -0.605                                              
-0.1                                                            
-0.056                                                          
-0.034                                                          
-0.062  0.018   0.042   -0.042                                              
-0.086  0.069   0   -0.015                                              
-0.705  0.679   1.421   -1.421                                              
-0.016                                                          
-0.021                                                          
-0.282  0.142   0.042   -0.042                                              
-0.088                                                          
-0.03   0.016   0   -0.02                                               
-0.19                                                           
-2.059                                                          
-0.047  0.014   0   -0.032                                              
-0.04                                                           
-0.024  0.024   0.049   -0.504                                              
-0.013                                                          
-0.081  0.063   0   -0.117                                              
-0.077  0.034   0   -0.007                                              
-0.148  0.038   0   -0.08                                               
-0.052                                                          
-0.363  0.115   0.059   0.125   0   -0.096  0.096   0   0   0   -0.019  0   0   0   0.101   -0.101
-0.033  0.024   0   -0.017                                              
-0.039                                                          
-0.356  0.037   0.149   0.072   0   -0.018  0   0   0.166   0   -0.166  0   0   0.161   0   -0.161
-0.078  0.078   0.925   -1.369                                              

{{1,2}, {}, {1}, {}, {0,1,2}, {}, {}, {}, {}, {}, {}, {}, {}, {}, {}, {}}
{{8, 12}, {8}, {}, {8, 12}, {8, 11, 12, 14}, {11, 12, 14}, {11, 12, 14}, {8, 12}}

