-0.174	
-0.259	0.166	0.084	-0.084	
-0.051	
-0.043	0.013	0.05	-0.05	
-0.66	
-0.128  0.044   0.012   0.03    0.061   -0.061  0.0 0.0 0.051   0.0 -0.051  0.0 0.0 0.0 0.088   -0.088  
-0.016	
-0.023  0.002   0.0 -0.041  
-0.5   
-0.021  
-0.233  0.188   0.0 0.0 0.0 -0.118  0.008   0.011   0.0 0.0 -0.11   0.11    0.045   0.0 0.0 -0.045  
-0.04  
-0.031                                                          
-0.153  0.106   0   -0.051                                                                                                     
-0.016                                                          
-0.16                                                           
-0.017                                                          
-0.086  0.069   0   -0.015                                              
-0.023                                                          
-0.5        
-0.013  
-1.01   0.417   0.465   -0.465  
-0.028	
-0.017	
-0.554	0.414	0.489	-0.489	
-0.015	
-0.14	
-0.054	0.028	0.0	-0.021	
-0.29	
-0.63	
-2.849	1.254	0.0	-1.447	
-0.028  0.006   0.0 -0.023  


{{4}, {4}, {}, {4}, {}, {}, {}, {}, {}, {}, {}, {}, {}, {}, {}, {}}
{{9, 10}, {9, 10}, {8, 9, 10, 11, 12, 13, 14}, {10}, {9, 10, 13, 14}, {9, 10}, {9, 10}, {10}}
