-0.57   0.144   0.299   0.015   0.0 -0.061  0.061   0.0 0.0 0.0 -0.287  0.287   0.2 0.0 0.0 -0.2    
-0.028	
-0.2	
-0.23	
-0.014	
-0.124	0.078	0.07	-0.07	
-0.035	0.017	0.0	-0.028	
-0.032	
-0.896	0.497	0.187	-0.187	
-0.061
-0.122                                                          
-0.022  0.002   0   -0.006                                              
-0.017                                                          
-1.587  0.288   0.054   -0.054                                              
-0.048  0.023   0   -0.015                                              
-0.515  0.283   0   -0.041                                              
-0.016                                                          
-0.081                                                          	
-0.028	0.004	0.016	-0.016	
-0.015	
-0.018  0.006   0.0 -0.072  
-0.125  0.07    0.026   -0.026  
-0.243  0.187   0.075   -0.075  
-0.138  0.114   0.0 -0.075 
-0.342	
-0.313	0.292	0.0	-0.224	
-0.057	
-0.015	
-0.057  0.03    0.0 -0.022  
-0.014  
-0.4    
-0.077 
