-0.128  0.044   0.012   0.03    0.061   -0.061  0.0 0.0 0.051   0.0 -0.051  0.0 0.0 0.0 0.088   -0.088  
-0.03	
-0.027	
-0.096  0.033   0.0 -0.057  
-0.27	
-0.112	0.037	0.015	-0.015	
-1.443	0.0	0.752	0.0	0.43	-1.836	0.86	0.546	0.0	0.553	-0.553	0.0	0.0	1.766	0.0	-1.766	
-0.082	
-0.15	
-0.034	0.025	0.0	-0.021	
-0.015  
-0.06	
-0.04, 0.001, 0.0, -0.008
-0.022	
-0.24	
-0.086	
-0.31   0.15    0.077   -0.077  
-0.013	
-0.061	0.031	0.0	-0.008	
-0.009	
-0.051	
-0.556  0.458   0.145   -0.145  
-1.03   
-0.118  0.094   0.0 -0.012                                         
-0.022                                                          
-0.9                                                            
-0.2                                                            
-0.472  0.205   0   -0.057                                              
-0.524                                                          
-7.103  3.076   0   -0.282                                              
-0.026                                                          
-0.176  0.074   0.103   -0.103       




{{}, {}, {}, {}, {}, {}, {}, {2}, {}, {}, {}, {}, {}, {}, {}, {}}
{{}, {12}, {12, 13, 15}, {12}, {10, 12, 15}, {}, {12, 15}, {12}}