-0.016                                                          
-0.03   0.012   0.032   -0.032                                              
-0.053  0.044   0   -0.039                                              
-0.01                                                           
-0.109  0.109   1.159   -1.49                                               
-0.126                                                          
-0.166                                                          
-0.027                                                          
-0.185  0.185   0.485   -0.572                                              
-0.02                                                           
-0.251  0.082   0.151   -0.151                                              
-0.164  0.122   0   -1.906                                              
-0.94                                                           
-0.024                                                          
-0.044  0.025   0   -0.026                                              
-0.277                                                          
-0.02                                                           
-0.045                                                          
-1.105  0.739   0.049   -0.049                                              
-0.8                                                            
-0.14                                                           
-0.106  0.064   0   -0.011                                              
-0.118  0.094   0   -0.012                                              
-0.21                                                           
-0.013                                                          
-0.128  0.044   0.012   0.03    0.061   -0.061  0   0   0.051   0   -0.051  0   0   0   0.088   -0.088
-0.069                                                          
-0.024  0.002   0.026   -0.026                                              
-0.31                                                           
-0.106  0.064   0   -0.011                                              
-1.99   1.99    9.445   -20.964                                             
-0.018                                                          

{{}, {0}, {}, {0, 6}, {0,6}, {0,6}, {}, {}, {}, {}, {}, {}, {}, {}, {}, {}}
{{11, 12}, {8, 9, 11, 12}, {9, 11}, {8, 9, 11}, {8, 9, 11}, {9, 11}, {8, 9, 11}, {9}}

