-0.026  
-1.577  0.391   0.627   0.114   0.253   -0.253  0.0 0.0 0.0 0.332   -0.332  0.0 0.0 0.0 0.006   -0.006  
-0.016  
-0.097
-6.863  5.172   1.849   -1.849  
-0.13  
-0.501
-0.08  
-0.74   0.74    0.495   -1.556  
-0.097  0.041   0.0 -0.046  
-0.079  
-2.14  
-0.05
-0.04  
-0.032  0.012   0.053   -0.053  
-2.696  1.259   0.291   -0.291  
-0.056  
-0.205  
-0.02   
-12.771 12.771  7.502   -7.609  
-0.108  
-0.14   0.05    0.0 -0.146  
-0.084                                                          
-0.014                                                          
-0.046  0.014   0.034   -0.034                                              
-0.027                                                          
-0.283  0.233   0.498   -0.498                                              
-0.3                                                            
-0.108  0.073   0.227   -0.227                                              
-0.029  0.01    0   -0.009                                              
-0.601  0.601   0.111   -0.147                                              
-0.135


{{}, {3, 6}, {3, 6}, {}, {}, {2,3, 6}, {}, {0,2, 3,6}, {}, {}, {}, {}, {}, {}, {}, {}}
{{9}, {}, {8, 13, 15}, {15}, {8, 9, 10, 13, 15}, {}, {9, 13, 15}, {}}
