-0.174                                                          
-0.259  0.166   0.084   -0.084                                              
-0.131  0.072   0   -0.045                                              
-0.043  0.013   0.05    -0.05                                               
-0.66                                                           
-0.128  0.044   0.012   0.03    0.061   -0.061  0   0   0.051   0   -0.051  0   0   0   0.088   -0.088
-0.016                                                          
-0.28                                                           
-2.126  1.115   0   -0.343                                              
-0.016                                                          
-0.967
-0.028                                                          
-0.017                                                          
-0.554  0.414   0.489   -0.489                                              
-0.015                                                          
-0.14                                                           
-0.054  0.028   0   -0.021                                              
-0.029                                                          
-0.292  0.128   0.133   -0.133                                              
-2.849  1.254   0   -1.447                                              
-0.03   0.012   0.032   -0.032                                              
-0.053  0.044   0   -0.039                                              
-0.014  
-0.041  0.011   0.017   -0.017  
-0.02   
-0.018  
-0.265  0.214   0.0 -0.048  
-0.019  
-0.039  
-0.062  
-0.018  
-0.043  


{{}, {0, 4, 5}, {0, 4, 5}, {}, {}, {}, {0, 4, 5}, {0, 4, 5}, {}, {}, {}, {}, {}, {}, {}, {}}
{{9, 14, 15}, {8, 10, 14, 15}, {8, 9, 10, 11, 12, 13, 14, 15}, {}, {8, 9, 10, 12, 13, 14, 15}, {8, 9, 14, 15}, {}, {}}
