-0.013  
-0.843
-0.059  0.011   0.02    0.028   0.0 -0.023  0.0 0.0 0.0 0.0 -0.034  0.0 0.0 0.0 0.016   -0.016  
-0.148  0.124   0.0 -0.103  
-0.084  
-0.014  
-0.046  0.014   0.034   -0.034  
-0.027  
-0.013  
-0.3    
-0.108  0.073   0.227   -0.227  
-0.029  0.01    0.0 -0.009  
-0.601  0.601   0.111   -0.147  
-0.013
-0.03   
-0.29   
-0.174  
-0.013  
-0.039  0.019   0.044   -0.044  
-0.049  0.014   0.01    -0.01   
-0.022  
-0.028  0.014   0.0 -0.019  
-0.153  
-0.02   
-0.5    
-0.108
-0.027  
-0.72   
-0.057  
-0.08   
-0.453  
-0.506  0.124   0.149   0.031   0.0 -0.223  0.223   0.0 0.203   0.0 -0.203  0.0 0.0 0.067   0.0 -0.067  
-0.016  
-0.15   
-0.5    
-0.021  
-0.107  
-0.013  
-0.503  0.171   0.149   0.048   0.214   -0.214  0.0 0.0 0.0 0.129   -0.129  0.0 0.0 0.0 0.028   -0.028  
-0.059  
-0.196  0.145   0.101   -0.101  
-0.052  
-0.016  0.002   0.0 -0.009  
-0.041  0.036   0.0 -0.021  
-0.061  0.005   0.0 -0.06   
-0.4
-0.049  0.014   0.01    -0.01   
-0.022  
-0.028  0.014   0.0 -0.019  
-0.153      
-0.137  0.068   0.0 -0.066  
-0.3    
-0.016  
-0.076  0.05    0.0 -0.035    
-0.111  
-0.056  
-0.24   
-0.073  
-0.114  
-0.016  
-0.086  0.019   0   -0.06                                               
-1.235                                                          
-0.041  0.041   0.004   -0.031                                              
-0.016                                                          
-0.04                                                           
-0.388  0.234   0.055   -0.055                                              
-0.16   0.128   0.2 -0.2                                                
-0.4    0.037   0.147   0.055   0   -0.175  0   0.175   0.172   0   -0.172  0   0.049   0   0   -0.049
-0.021                                                          
-0.21                                                           
-0.108                                                          
-0.16   0.055   0.075   -0.075                                              
-0.3                                                            
-0.063  0.037   0   -0.041                                              
-0.015                                                          
-0.37   0.207   0.032   -0.032                                              
-2.15                                                           
-0.063  0.008   0   -0.022                                              
-0.082                                                          
-0.128  0.074   0.064   -0.064                                              



[1, 3, 5, 6, 8, 9, 11, 12, 13, 15, 16, 17, 18, 14, 10, 7, 2, 19, 4, 0, 21, 23, 25, 26, 28, 29, 31, 32, 33, 35, 36, 37, 38, 34, 30, 27, 22, 39, 24, 20]
{{9, 16, 19}, {}, {8, 18}, {}, {7, 8, 9, 12, 15, 16, 18, 19}, {}, {}, {18}, {}, {}, {8, 18}, {}, {}, {12}, {8, 18}, {}, {}, {}, {}, {}, {}, {}, {}, {}, {}, {}, {}, {}, {}, {}, {}, {}, {}, {}, {}, {}, {}, {}, {}, {}}


{{}, {}, {20, 21, 22, 23, 24, 25, 26, 30, 31, 32, 33, 34, 37, 39}, {20, 24, 26, 33}, {}, {20, 21, 23, 24, 26, 31, 33, 34, 37}, {20, 21, 23, 24, 26, 31, 33, 34, 37}, {}, {20, 21, 22, 23, 24, 25, 26, 27, 29, 30, 31, 32, 33, 34, 35, 37, 39}, {}, {20, 23, 24, 26, 33, 34, 37}, {20, 22, 23, 24, 25, 26, 27, 30, 32, 33, 34, 35, 39}, {22, 24, 25, 30, 34}, {}, {24, 34}, {20, 22, 24, 25, 27, 28, 30, 34, 35}, {}, {20, 22, 23, 24, 25, 26, 27, 28, 30, 32, 33, 34, 35, 36, 39}, {20, 21, 22, 23, 24, 25, 26, 30, 31, 32, 33, 34, 37, 39}, {24}}
