-0.196  0.163   0.0 -0.065  
-0.063  0.033   0.028   -0.028  
-0.024  
-0.16   
-0.053  
-0.151  
-0.054  
-0.021  
-0.07   0.003   0.061   -0.061  
-0.163  0.082   0.035   0.035   0.0 -0.07   0.07    0.0 0.0 0.0 -0.029  0.029   0.0 0.0 0.0 -0.064  
-0.35  
-0.016  
-0.65  
-0.016  
-0.02   
-0.03   0.009   0.0 -0.01   
-1.415  0.093   0.0 -0.527  
-0.016  
-0.16  
-0.019  
-1.567  1.281   0.252   -0.252  
-0.207 
-0.036  
-0.016  
-0.02   
-0.24  
-0.045  0.015   0.017   -0.017  
-1.394  1.394   74.21   -105.543    
-0.08   
-0.27   
-0.03   
-0.013  
-0.108  0.046   0.052   -0.052  
-0.013  
-0.223  
-0.74   0.74    0.495   -1.556  
-0.097  0.041   0.0 -0.046  
-0.079  
-0.14  
-0.05   0.035   0.015   0.0 0.021   -0.057  0.0 0.006   0.0 0.055   -0.055  0.0 0.0 0.0 0.0 -0.056  
-0.054  0.054   0.11    -0.331  
-0.015  
-0.439  0.146   0.061   0.107   0.0 -0.173  0.0 0.173   0.17    0.0 -0.17   0.0 0.0 0.0 0.162   -0.162  
-0.013  
-0.197  
-0.5  
-1.145  1.145   2.03    -4.554  
-0.221  
-0.272  0.117   0.014   -0.014  
-0.087  
-0.013  
-0.021  
-0.3  
-0.23  
-0.039  0.013   0.0 -0.03   
-0.589  
-0.036  0.006   0.033   -0.033  
-0.054  
-0.288  
-0.035  0.009   0.021   -0.021  
-0.016  
-3.655  3.655   6.394   -7.77   
-0.018  
-0.042  0.018   0.0 -0.011  
-0.102  
-0.016  
-0.045  
-0.36  
-0.07   
-0.058  0.058   0.155   -0.234  
-0.22  
-0.024  
-0.02   0.002   0.047   -0.047  
-0.283  
-0.039  
-0.039  
-0.014  
-0.21  
-0.022  
-0.214  



[0, 1, 3, 4, 5, 6, 8, 9, 2, 11, 12, 14, 15, 13, 7, 16, 17, 18, 19, 10, 20, 21, 23, 24, 25, 26, 28, 29, 22, 31, 32, 34, 35, 33, 27, 36, 37, 38, 39, 30]
{{}, {}, {3, 6, 9}, {}, {}, {}, {}, {15}, {}, {}, {6, 8, 9, 19}, {}, {}, {3, 6, 9, 14, 15}, {}, {}, {}, {}, {8, 9}, {}, {}, {}, {}, {}, {}, {}, {}, {}, {}, {}, {}, {}, {}, {}, {}, {}, {}, {}, {}, {}}


{{20, 21, 24, 25, 27, 28, 30, 31, 33, 36, 37, 38, 39}, {30, 36, 38, 39}, {27, 30, 33, 36, 38, 39}, {24, 27, 28, 30, 33, 36, 37, 38, 39}, {24, 27, 28, 30, 33, 36, 37, 38, 39}, {22, 24, 25, 26, 27, 28, 29, 30, 33, 34, 35, 36, 37, 38, 39}, {22, 23, 24, 25, 26, 27, 28, 29, 30, 33, 34, 35, 36, 37, 38, 39}, {24, 25, 30, 36, 38}, {22, 23, 24, 25, 26, 27, 28, 29, 30, 33, 34, 35, 36, 37, 38, 39}, {24, 25, 27, 28, 30, 33, 36, 37, 38, 39}, {27, 30, 36, 38, 39}, {24, 25, 27, 28, 30, 36, 38, 39}, {30, 36}, {}, {27, 30, 33}, {24, 25, 27, 28, 30, 31, 36, 38, 39}, {24, 25, 27, 28, 30, 31, 36, 38, 39}, {22, 27, 30}, {24, 27, 30, 33, 36, 38, 39}, {24, 25, 27, 28, 30, 32, 33, 34, 36, 37, 38, 39}}
