-0.174  
-0.259  0.166   0.084   -0.084  
-0.051  
-0.043  0.013   0.05    -0.05   
-0.66   
-0.128  0.044   0.012   0.03    0.061   -0.061  0.0 0.0 0.051   0.0 -0.051  0.0 0.0 0.0 0.088   -0.088  
-0.016  
-0.28   
-0.447  
-0.016  
-0.16 
-0.028  
-0.2    
-0.23   
-0.014  
-0.124  0.078   0.07    -0.07   
-0.035  0.017   0.0 -0.028  
-0.032  
-0.896  0.497   0.187   -0.187  
-0.061  
-0.028  0.004   0.016   -0.016  
-0.015  
-0.15   
-0.05   
-0.03   
-0.015  
-0.342  
-0.313  0.292   0.0 -0.224  
-0.057  
-0.028  
-0.2    
-0.23   
-0.014  
-0.124  0.078   0.07    -0.07   
-0.035  0.017   0.0 -0.028  
-0.032  
-0.896  0.497   0.187   -0.187  
-0.061  
-0.028  0.004   0.016   -0.016  
-0.015  
-0.15   
-0.05   
-0.03   
-0.015  
-0.342  
-0.313  0.292   0.0 -0.224  
-0.057  
-0.015  
-0.057  0.03    0.0 -0.022  
-0.028  
-0.017    
-0.174  
-0.259  0.166   0.084   -0.084  
-0.051  
-0.043  0.013   0.05    -0.05   
-0.66   
-0.128  0.044   0.012   0.03    0.061   -0.061  0.0 0.0 0.051   0.0 -0.051  0.0 0.0 0.0 0.088   -0.088  
-0.016  
-0.28   
-0.447  
-0.016  
-0.16   
-0.028  
-0.017  
-0.554  0.414   0.489   -0.489  
-0.015  
-0.14   
-0.054  0.028   0.0 -0.021  
-0.029  
-0.63   
-2.849  1.254   0.0 -1.447  
-0.554  0.414   0.489   -0.489  
-0.015  
-0.14   
-0.054  0.028   0.0 -0.021  
-0.028  
-0.017  
-0.554  0.414   0.489   -0.489  
-0.015  
-0.14   



[0, 1, 2, 3, 4, 5, 9, 10, 11, 12, 8, 7, 13, 6, 14, 15, 16, 17, 18, 19, 20, 21, 22, 23, 24, 25, 29, 30, 31, 32, 28, 27, 33, 26, 34, 35, 36, 37, 38, 39]
{{}, {}, {}, {}, {}, {4}, {13}, {2, 12}, {12}, {2}, {}, {}, {}, {}, {}, {}, {4, 12}, {1, 4, 12}, {4}, {12}, {}, {}, {}, {}, {}, {}, {}, {}, {}, {}, {}, {}, {}, {}, {}, {}, {}, {}, {}, {}}


{{20, 25, 26, 27, 30, 34, 36, 38, 39}, {24, 25, 26, 27, 30, 34, 36, 37, 38, 39}, {20, 21, 22, 23, 24, 25, 26, 27, 28, 29, 30, 31, 32, 33, 34, 36, 37, 38, 39}, {}, {20, 22, 24, 25, 26, 27, 29, 30, 31, 33, 34, 36, 37, 38, 39}, {20, 25, 26, 27, 30, 34, 36, 38, 39}, {27, 34}, {}, {25, 30, 36, 38, 39}, {25, 27, 30, 34, 36, 38, 39}, {25, 28, 30, 36, 38, 39}, {25, 26, 27, 30, 34, 36, 38, 39}, {24, 25, 26, 27, 28, 30, 31, 34, 36, 37, 38, 39}, {25, 27, 29, 30, 34}, {25, 26, 27, 30, 34, 36, 38, 39}, {27, 34}, {}, {25, 30, 36, 38, 39}, {25, 27, 30, 34, 36, 38, 39}, {25, 28, 30, 36, 38, 39}}
