-0.034  
-0.168  0.035   0.0 -1.122  
-0.087  
-0.06   0.031   0.0 -0.017  
-0.159  0.085   0.0 -0.034  
-1.399  0.944   0.497   -0.497  
-0.115  
-0.038
-0.068  0.031   0.008   -0.008  
-0.07  
-0.067  0.026   0.034   -0.034  
-0.05   
-0.4    
-0.015  
-0.017  
-1.193  0.848   0.0 -0.284  
-0.018  
-0.149  
-0.023  
-0.022  
-0.178  
-0.024  
-0.017  
-0.195  0.093   0.108   -0.108  
-0.214  
-0.023  
-0.045  0.045   3.974   -6.235  
-0.035  
-0.059  0.021   0.0 -0.007  
-0.015  
-0.059  
-0.09   
-0.193  0.108   0.0 -0.015  
-0.036  
-10.456 6.758   6.43    -6.43   
-0.022  
-0.02   
-0.039  
-0.016  
-0.015  
-0.015  
-0.174  0.092   0.0 -0.051  
-0.021  0.002   0.016   -0.016  
-0.334  
-0.014  
-0.878  0.571   0.0 -0.283  
-0.084  
-0.272  0.176   0.113   -0.113  
-0.223  0.15    0.0 -0.164  
-0.132  0.026   0.0 -0.004  
-0.087  
-0.06   0.031   0.0 -0.017  
-0.159  0.085   0.0 -0.034  
-1.399  0.944   0.497   -0.497  
-0.115  
-0.038  
-0.09   
-0.016  
-0.025  
-0.22   
-0.084  0.001   0.034   0.037   0.0 -0.005  0.0 0.005   0.0 0.0 -0.026  0.026   0.0 0.0 0.0 -0.008  
-0.1  
-1.99   1.99    9.445   -20.964 
-0.018  
-0.251  0.082   0.151   -0.151  
-0.164  0.122   0.0 -1.906  
-0.94   
-0.024    
-0.019  
-0.016  
-0.025  
-0.022  
-0.105  0.047   0.0 -0.034  
-0.034  0.01    0.037   -0.037  
-1.99   1.99    9.445   -20.964 
-0.018  
-0.251  0.082   0.151   -0.151  
-0.164  0.122   0.0 -1.906  
-0.094  
-0.024  