-0.061  
-0.459  
-0.044  0.023   0.0 -0.061  
-0.01   
-0.175  0.081   0.0 -0.013  
-0.051
-0.174  
-0.259  0.166   0.084   -0.084  
-0.051  
-0.043  0.013   0.05    -0.05   
-0.66   
-0.128  0.044   0.012   0.03    0.061   -0.061  0.0 0.0 0.051   0.0 -0.051  0.0 0.0 0.0 0.088   -0.088  
-0.016  
-0.28   
-0.447  
-0.016  
-0.16   
-0.03   
-0.29   
-0.174  
-0.013  
-0.039  0.019   0.044   -0.044  
-0.049  0.014   0.01    -0.01   
-0.022  
-0.028  0.014   0.0 -0.019  
-0.153  
-0.02
-0.054  0.054   0.11    -0.331  
-0.015  
-0.439  0.146   0.061   0.107   0.0 -0.173  0.0 0.173   0.17    0.0 -0.17   0.0 0.0 0.0 0.162   -0.162  
-0.013  
-0.197  
-0.5  
-1.145  1.145   2.03    -4.554  
-0.221  
-0.272  0.117   0.014   -0.014  
-0.087  
-0.013  
-0.021  
-0.3  
-0.23  
-0.039  0.013   0.0 -0.03   
-0.589  
-0.036  0.006   0.033   -0.033  
-0.054  
-0.23   
-0.016     
-0.5    
-0.108  
-0.137  0.068   0.0 -0.066  
-0.3    
-0.016  
-0.076  0.05    0.0 -0.035  
-0.22   
-0.016  
-0.119  0.096   0.129   -0.129  
-0.013  
-0.028  
-0.022  
-1.928  0.888   0.162   0.878   0.25    -0.864  0.0 0.0 0.259   0.0 -0.259  0.0 0.0 0.0 0.92    -0.92   
-0.738  
-0.072  
-0.23  
-0.025  
-0.016  
-0.17  
-9.432  1.437   1.616   -1.616  
-0.016  
-0.41  
-0.082  0.03    0.0 -0.057  
-0.036  
-0.033  0.012   0.0 -0.02   
-0.021  
-0.25  
-0.15  
-0.016  
-0.33  
-0.092  
-0.083  
-0.014  