-0.03   
-0.29   
-0.174  
-0.013  
-0.039  0.019   0.044   -0.044  
-0.049  0.014   0.01    -0.01   
-0.022  
-0.028  0.014   0.0 -0.019  
-0.153  
-0.02
-0.054  0.054   0.11    -0.331  
-0.015  
-0.439  0.146   0.061   0.107   0.0 -0.173  0.0 0.173   0.17    0.0 -0.17   0.0 0.0 0.0 0.162   -0.162  
-0.013  
-0.197 
-0.161  0.064   0.046   -0.046  
-0.073  
-0.144
-0.039  
-0.122  
-0.024  
-0.18  
-0.766  
-0.556  0.556   0.078   -0.605  
-0.1 
-0.027  
-0.4    
-0.02   
-0.13   
-0.01  
-0.2
-0.171  
-0.023  
-0.015  
-0.52   
-0.131  
-0.503  0.171   0.149   0.048   0.214   -0.214  0.0 0.0 0.0 0.129   -0.129  0.0 0.0 0.0 0.028   -0.028  
-0.05   
-0.252  0.134   0.0 -0.015  
-0.091  
-0.14   
-0.22   
-0.1    
-0.712  
-1.025   
-0.056  
-0.034  
-0.363  
-0.086  0.069   0.0 -0.015  
-0.705  0.679   1.421   -1.421  
-0.016  
-0.16  
-0.282  0.142   0.042   -0.042  
-0.088  
-0.03   0.016   0.0 -0.02    
-0.5  
-1.145  1.145   2.03    -4.554  
-0.221  
-0.272  0.117   0.014   -0.014  
-0.087  
-0.013  
-0.021  
-0.3  
-0.23  
-0.039  0.013   0.0 -0.03   
-0.589  
-0.036  0.006   0.033   -0.033  
-0.054  
-0.23   
-0.016     
-0.5    
-0.108  
-0.137  0.068   0.0 -0.066  
-0.3    
-0.016  
-0.076  0.05    0.0 -0.035  
-0.22   
-0.016  
-0.119  0.096   0.129   -0.129  
-0.013  



[1, 2, 4, 8, 11, 13, 7, 14, 12, 10, 9, 6, 5, 3, 15, 0, 16, 17, 18, 19, 21, 22, 24, 28, 31, 33, 27, 34, 32, 30, 29, 26, 25, 23, 35, 20, 36, 37, 38, 39]
{{14, 15}, {}, {}, {14}, {}, {14}, {14}, {13}, {}, {14}, {4, 14}, {}, {14}, {}, {}, {}, {14}, {}, {14}, {}, {}, {}, {}, {}, {}, {}, {}, {}, {}, {}, {}, {}, {}, {}, {}, {}, {}, {}, {}, {}}


{{27, 32}, {20, 21, 23, 24, 25, 26, 27, 29, 30, 32, 33, 36, 37}, {30}, {24, 25, 27, 29, 30, 37}, {20, 21, 23, 25, 26, 27, 29, 30, 32, 33, 36, 37}, {24, 25, 26, 27, 29, 30, 32, 33, 37}, {24, 25, 27, 29, 30, 37}, {20, 21, 23, 25, 26, 27, 29, 32, 33, 36}, {23, 25, 27, 32, 36}, {23, 25, 27, 32}, {27}, {21, 23, 27, 32}, {23, 25, 26, 27, 29, 32, 33, 36, 37}, {20, 21, 23, 25, 26, 27, 29, 30, 31, 32, 33, 36, 37}, {21, 23, 24, 25, 26, 27, 29, 30, 32, 33, 36, 37, 39}, {20, 21, 23, 27, 32, 36}, {24, 25, 27, 29, 30, 37}, {20, 21, 23, 25, 27, 31, 32, 36}, {25, 27, 29}, {25, 27}}
