-0.061  
-0.459  
-0.044  0.023   0.0 -0.061  
-0.01   
-0.175  0.081   0.0 -0.013  
-0.051
-0.174  
-0.259  0.166   0.084   -0.084  
-0.051  
-0.043  0.013   0.05    -0.05   
-0.66   
-0.128  0.044   0.012   0.03    0.061   -0.061  0.0 0.0 0.051   0.0 -0.051  0.0 0.0 0.0 0.088   -0.088  
-0.016  
-0.28   
-0.447  
-0.016  
-0.16   
-0.028  
-0.017  
-0.554  0.414   0.489   -0.489  
-0.015  
-0.14   
-0.054  0.028   0.0 -0.021  
-0.029  
-0.63   
-2.849  1.254   0.0 -1.447    
-5.113  
-2.132  1.133   0.0 -0.751  
-0.4    
-0.065  
-0.53   
-0.013  
-0.556  0.556   0.078   -0.605  
-0.016  0.001   0.008   -0.008  
-0.013  
-0.2      
-0.017  0.007   0.0 -0.039  
-0.083  
-0.014  
-0.031  0.031   0.0 0.0 0.0 -0.091  0.058   0.0 0.0 0.011   -0.069  0.058   0.0 0.0 0.01    -0.042  
-0.6    
-0.037  0.017   0.02    0.0 0.0 -0.063  0.0 0.031   0.0 0.0 -0.039  0.012   0.0 0.0 0.036   -0.036  
-0.083  
-1.475  0.685   0.021   -0.021  
-0.13   
-0.087  0.048   0.0 -0.023  
-0.049  0.049   0.013   -0.037  
-1.077  0.739   0.439   -0.439  
-0.018  0.002   0.0 -0.008  
-0.53   
-0.023  0.0 0.005   -0.005  
-0.027  
-0.039  0.002   0.009   -0.009  
-0.013
-0.196  0.163   0.0 -0.065  
-0.063  0.033   0.028   -0.028  
-0.024  
-0.16   
-0.053  
-0.151  
-0.054  
-0.021  
-0.07   0.003   0.061   -0.061  
-0.27   
-0.03   
-0.013  
-0.108  0.046   0.052   -0.052  
-0.013  
-0.223  
-0.74   0.74    0.495   -1.556  
-0.097  0.041   0.0 -0.046  
-0.079  
-0.14  
-0.05   0.035   0.015   0.0 0.021   -0.057  0.0 0.006   0.0 0.055   -0.055  0.0 0.0 0.0 0.0 -0.056    
-0.31   
-0.3    
-0.03   
-0.025  0.014   0.0 -0.099  
-4.811  1.12    1.267   1.072   0.0 -0.172  0.0 0.0 0.716   0.0 -0.716  0.0 0.0 0.0 0.27    -0.27   
-0.058  0.027   0.021   -0.021  




[0, 1, 5, 6, 7, 12, 13, 14, 15, 3, 16, 11, 10, 9, 8, 4, 2, 17, 18, 19, 20, 21, 25, 26, 27, 32, 33, 34, 35, 23, 36, 31, 30, 29, 28, 24, 22, 37, 38, 39]
{{}, {}, {16}, {5, 7, 15}, {7, 15, 16}, {}, {}, {}, {7, 15, 16}, {16}, {16}, {16}, {}, {}, {}, {}, {}, {}, {16}, {}, {}, {}, {}, {}, {}, {}, {}, {}, {}, {}, {}, {}, {}, {}, {}, {}, {}, {}, {}, {}}


{{24}, {23, 24, 25, 28, 32, 33, 38}, {23, 24}, {23, 24, 28, 29, 31, 35}, {23, 24, 25, 28}, {21, 22, 23, 24, 25, 28, 29, 30, 31, 34, 35, 36, 37, 38}, {24}, {21, 22, 23, 24, 25, 28, 29, 30, 31, 34, 35, 37, 38}, {23, 24, 28, 29, 31, 35}, {23, 24}, {24}, {23, 24}, {}, {}, {23, 24, 28, 29, 31, 34, 35, 37}, {21, 22, 23, 24, 25, 28, 29, 30, 31, 34, 35, 36, 37, 38}, {21, 22, 23, 24, 25, 28, 29, 30, 31, 34, 35, 36, 38}, {}, {23}, {}}
