-0.126  0.015   0.111   0.0 0.0 -0.039  0.011   0.028   0.091   0.0 -0.158  0.0 0.049   0.0 0.0 -0.049  
-0.8	
-0.048	0.016	0.0	0.032	0.0	-0.24	0.129	0.111	0.0	0.024	-0.125	0.0	0.0	0.0	0.027	-0.027	
-0.035	0.022	0.0	-0.082	
-0.283	0.024	0.0	-0.424	
-0.09	
-2.03	
-1.13	0.837	0.0	-0.334	
-0.13	0.068	0.066	-0.066	
-0.032	
-0.013	0.0	0.09	-0.09	
-0.36	
-0.031  
-6.016	
-0.02	
-0.501	
-0.014	
-0.6	
-0.02	
-0.027	0.013	0.0	-0.014	
-0.119  0.096   0.129   -0.129  
-0.013  
-0.086  0.069   0.0 -0.015  
-0.705  0.679   1.421   -1.421  
