-0.014	
-0.4	
-0.077	
-0.026	
-0.32   
-0.013	
-0.57	0.144	0.299	0.015	0.0	-0.061	0.061	0.0	0.0	0.0	-0.287	0.287	0.2	0.0	0.0	-0.2	
-0.059	
-0.2	
-0.018	0.006	0.0	-0.072	
-0.125	0.07	0.026	-0.026	
-0.243	0.187	0.075	-0.075	
-0.138	0.114	0.0	-0.075	
-0.214	
-0.034	0.004	0.0	-0.096	
-0.1	
-0.014  
-0.045  0.009   0.021   -0.021  
-0.6	
-0.016	
-0.03   
-0.025  0.014   0.0 -0.099  
-4.811  1.12    1.267   1.072   0.0 -0.172  0.0 0.0 0.716   0.0 -0.716  0.0 0.0 0.0 0.27    -0.27   
-0.058  0.027   0.021   -0.021  